[3.0, 11.5, 0.0, 0.0]:[-2.499724011239823, -2.4437204236261203, -2.449855489970385, -2.4178757851419332, -2.3189034301904785, -2.7120447708693716, -2.59279565002225]
[3.5, 11.5, 0.0, 0.0]:[-2.2650890731830144, -1.926389120148281, -2.093442854693186, -1.833759039402114, -1.9130241788443807, -1.953130480734087, -2.111430814731282]
[2.0, 11.5, 0.0, 0.0]:[-2.2559832912870545, -1.7972170485438517, -1.7927170660485086, -1.942456149545845, -1.6260073804251691, -1.7740295554071561, -1.7636135684488177]
[1.5, 11.0, 0.0, 0.0]:[-0.5775590988344164, -0.6030840242389914, -0.7884606052874631, -0.6167206651958714, -0.7326088353792001, -0.854861234277714, -0.5742169868117223]
[1.0, 11.0, 0.0, 0.0]:[-0.8413528476647073, -1.038096600632587, -1.1123402054829004, -1.1233609391164394, -1.0738005422680688, -1.0379698180173254, -1.0835372476287861]
[1.0, 11.5, 0.0, 0.0]:[-2.054187972846883, -1.8681419842793288, -1.8919083319349206, -1.8119653088735455, -1.8555794465207975, -1.7782596117805696, -1.8009433969627504]
[1.0, 10.5, 0.0, 0.0]:[-1.0852207362201653, -1.2511512662731814, -1.1410712984457805, -1.173224613918117, -1.1633544302088115, -1.1464137163181347, -1.1489407540424807]
[1.5, 10.0, 0.0, 0.0]:[-0.3676915841661952, -0.21773788009759995, -0.23669210301759996, -0.5428015027157806, -0.33254132069002695, -0.2300627080316038, -0.39580556592779115]
[2.0, 9.5, 0.0, 0.0]:[-1.2599986042272149, -1.06132628631368, -1.0018295551414869, -1.0489603610302467, -1.1648298910937678, -1.1961089961941385, -1.0815549759174907]
[1.5, 9.0, 0.0, 0.0]:[-0.37166478416570115, -0.5277325884795, -0.43553790498034173, -0.3763764714334943, -0.37500526759348396, -0.6316124053547623, -0.39483902037763813]
[1.0, 9.0, 0.0, 0.0]:[-1.0203867231543082, -1.0781881738136083, -1.070366579681811, -1.0307765729489466, -1.126816152183311, -1.149222939050294, -1.1106877114696772]
[0.0, 9.5, 0.0, 0.0]:[-1.58148966021223, -1.5617864010608042, -1.6291542199439095, -1.6082156691921778, -1.5860051795071368, -1.5886000470480446, -1.6327411862542212]
[1.0, 10.0, 0.0, 0.0]:[-1.3402391115643728, -1.1616615752304802, -1.2886414981684613, -1.14842688855848, -1.2107234039098724, -1.1485924312671765, -1.1134540870775431]
[2.0, 10.5, 0.0, 0.0]:[-1.229572714632687, -1.1813820433512112, -1.0546910909290115, -1.0815310642241251, -1.1974620438455856, -0.9859154796268749, -1.0381653073407897]
[3.0, 11.0, 0.0, 0.0]:[-1.7272690609127856, -2.0662641994486153, -1.6951856991852112, -1.6502983462532699, -1.8592407516911407, -2.06903384214712, -1.828784911911817]
[2.0, 10.0, 0.0, 0.0]:[-1.2325198473238053, -1.114988373146131, -1.22562837290496, -1.2112275499744893, -1.0551811141130114, -1.091244584607817, -1.074412782712894]
[1.5, 9.5, 0.0, 0.0]:[-0.644738590241243, -0.67788778048616, -0.6879677707533962, -0.7217874179897306, -0.6770943458347305, -0.7285239727563062, -0.7135201325618308]
[1.0, 9.5, 0.0, 0.0]:[-1.392535538323778, -1.1813894028337129, -1.3823585078819782, -1.24307835106858, -1.1990201094869346, -1.249824484659011, -1.302806914462859]
[1.0, 8.5, 0.0, 0.0]:[-1.2924033200915137, -1.147581696358045, -1.2276072778205098, -1.1757927279236422, -1.2408821261759924, -1.3317840147143303, -1.1102876602857799]
[1.5, 8.5, 0.0, 0.0]:[-0.5975446334424531, -0.6996569372795001, -0.7317558573514449, -0.7895576811584849, -0.58665486909336, -0.730640310690256, -0.5981800327642282]
[2.0, 8.5, 0.0, 0.0]:[-1.0671485953636364, -0.9235244609399057, -1.0430612273928892, -1.088664192719097, -0.9888765278850877, -0.9455939608783234, -0.965211192289259]
[1.5, 11.5, 0.0, 0.0]:[-1.4886680477118917, -1.3285556250185833, -1.3294038810909892, -1.4217989723610862, -1.3494008688549455, -1.4894730210233749, -1.5369002217332164]
[0.0, 10.5, 0.0, 0.0]:[-1.755077669059954, -1.7231878815312005, -1.687635071154466, -1.7608421089109116, -1.7862201505087563, -1.7612188688400432, -1.7081680300530724]
[0.0, 10.0, 0.0, 0.0]:[-1.280935113500668, -1.2389381185543062, -1.570490784697644, -1.2869036330746302, -1.2939437211417404, -1.5601786041705823, -1.4115972049752126]
[0.5, 9.0, 0.0, 0.0]:[-1.2217575135878747, -0.7068463629004496, -0.7317761310082529, -0.8314413657208519, -0.9147548851084586, -1.0234320393537062, -0.782562806948821]
[0.5, 8.5, 0.0, 0.0]:[-1.5920110267707903, -1.4713887725777925, -1.5746154687130487, -1.3239030332293904, -1.324708018431233, -1.3833112270311356, -1.3610382310361946]
[0.0, 8.5, 0.0, 0.0]:[-1.894811666555096, -1.970015823860202, -1.9516334070051582, -1.8710468271014813, -2.1118981157837546, -1.9007125595024725, -2.004126148975054]
[0.0, 9.0, 0.0, 0.0]:[-1.4519029926832, -1.8365154757206053, -1.4400219108310592, -1.4893357035657957, -1.8635846256173583, -1.4114164302549943, -1.6165994263036987]
[0.0, 11.0, 0.0, 0.0]:[-1.7548522505363349, -1.7729303151868314, -1.7125933052736562, -1.5530324902613544, -1.8749846648651254, -1.8213346158776453, -1.8493099937620745]
[0.0, 11.5, 0.0, 0.0]:[-2.3813934861395607, -2.516161729151986, -2.439886865566334, -2.449565931863951, -2.3755400710083068, -2.5264951255564227, -2.4199426453539603]
[0.5, 11.5, 0.0, 0.0]:[-1.8786189270356835, -1.9272291164998996, -2.077983679684545, -1.9490101853182171, -1.8896816888650871, -1.9103612445553608, -1.878444628415413]
[0.5, 10.5, 0.0, 0.0]:[-1.123358286654826, -0.7401661980434745, -0.9703335638490015, -0.7910465646892682, -0.6280929135265443, -0.8804217403126597, -0.6949263227887622]
[0.5, 10.0, 0.0, 0.0]:[-0.9035178074226916, -0.7913941719863433, -0.7839916398046526, -0.7839516453732065, -0.9962644878994164, -0.8103658639260598, -0.935098736479997]
[0.5, 9.5, 0.0, 0.0]:[-0.8983214661979562, -0.7081649163738906, -1.0218717927180416, -0.8949167026038402, -0.8661733555214728, -0.6884863511135477, -0.8373146191146044]
[2.0, 9.0, 0.0, 0.0]:[-1.0671110598489153, -0.8994493316644001, -0.9609056207874997, -0.924663020632533, -0.9898135504634042, -1.0997377879376953, -0.9702733826083749]
[2.5, 10.5, 0.0, 0.0]:[-1.038458663749577, -0.7554743814830956, -0.7734635532096036, -0.7594067299117332, -0.8644446484085995, -0.7085048930838849, -0.9178645700976311]
[2.5, 11.5, 0.0, 0.0]:[-1.7306631060584214, -1.4709032117788243, -1.4712785497480496, -1.5790121689637617, -1.3777560402645712, -1.437424757693724, -1.419228767938905]
[3.5, 10.0, 0.0, 0.0]:[-1.2624476019105435, -0.9261773769384085, -1.0281721625181945, -0.9884397707876, -0.9339079814306274, -1.0002397547279571, -1.1737534246284222]
[4.0, 10.5, 0.0, 0.0]:[-1.0912873608770512, -0.9426648654225578, -1.0096150838840998, -0.8101345105647333, -1.0520119343593253, -0.8864545296344775, -0.7990465715083069]
[5.0, 11.0, 0.0, 0.0]:[-0.699184747896414, -1.1564465698039952, -1.0113061910175152, -0.8918176192020756, -0.7837992201362576, -0.7258398495334095, -0.6837781594474898]
[5.5, 11.5, 0.0, 0.0]:[-1.4492229966647223, -1.4042195752401052, -1.377505755214091, -1.4576137314287365, -1.3256964994981117, -1.390687363997785, -1.406120647977592]
[5.0, 11.5, 0.0, 0.0]:[-1.321117680554363, -1.3267223596950468, -1.653369361992164, -1.4270991504986459, -1.458165514063855, -1.325076177917731, -1.6608476536567327]
[4.0, 11.5, 0.0, 0.0]:[-2.1953977935822078, -1.7455231193872218, -1.6872406011632735, -1.6321386764850065, -1.2341588425169387, -1.8472481402795535, -1.6746076726603978]
[3.5, 11.0, 0.0, 0.0]:[-0.9488900253565797, -0.9885001652413697, -1.2733006990495244, -0.9967564989565917, -0.952311466408851, -0.9170069589298455, -0.8537698522181226]
[6.0, 11.5, 0.0, 0.0]:[-1.4045724510553235, -1.3700646641981093, -1.5079436332553349, -1.4188869066154768, -1.3425016714390003, -1.4701373466542378, -1.4462825647520314]
[7.0, 11.5, 0.0, 0.0]:[-1.4319055216259389, -1.4207847838964915, -1.3598723081976187, -1.4192319682995567, -1.27356934308739, -1.2760462452280557, -1.3849315741761101]
[7.5, 11.5, 0.0, 0.0]:[-1.5446428732988102, -1.5425876267910306, -1.4688146123398986, -1.4487559110290087, -1.4416718379880096, -1.4639553424673881, -1.5006994360045032]
[8.0, 11.5, 0.0, 0.0]:[-1.4989454694498243, -1.5570478879013077, -1.58693279984361, -1.5407659448248818, -1.4388836105287952, -1.4454996524660417, -1.458850410112406]
[9.0, 11.5, 0.0, 0.0]:[-1.3589330522752552, -1.3713376679289921, -1.3954613838753502, -1.2709256435265108, -1.439316717891466, -1.4103589528534717, -1.3489218386733333]
[9.5, 11.5, 0.0, 0.0]:[-1.5360086761363605, -1.4601674623195084, -1.5351967042810544, -1.509025205588603, -1.5300506819649264, -1.5421962065467103, -1.4996743017051197]
[10.0, 10.5, 0.0, 0.0]:[-0.6457915805631003, -0.5300728032037281, -0.7537453431402301, -0.5482233807113748, -0.565018729299294, -0.5498211601392, -0.7480479801644581]
[11.0, 11.0, 0.0, 0.0]:[-0.13920412904422402, 0.107864705666816, 0.179314605, 0.09984000000000001, -0.2476143528437372, 0.0048020000000000285, -0.30236874989897644]
[11.5, 11.5, 0.0, 0.0]:[-1.3619879615858719, -1.3017766677697051, -1.3592425076571695, -1.3954293763318677, -1.4210008599055481, -1.3499582370488814, -1.2927573695056112]
[12.0, 10.5, 0.0, 0.0]:[-0.5193627319693697, -0.57083957884, -0.6595458870081107, -0.5736991972613426, -0.550338655250034, -0.6522356292842693, -0.5130308218556001]
[13.0, 11.0, 0.0, 0.0]:[0.179314605, 0.1747192042, 0.089791210334, 0.10702826517207154, 0.08715867474431993, -0.09455558058866798, -0.1267063234564505]
[13.5, 11.5, 0.0, 0.0]:[-1.0753021419264375, -1.0477855801151899, -1.016843773151676, -0.9762394828884893, -0.9206240926516712, -0.91894258623136, -1.2472846691275885]
[14.0, 10.5, 0.0, 0.0]:[-0.38441778959999995, -0.5814963852899968, -0.324001395, -0.3973822071521792, -0.5349426391636353, -0.3090682165513601, -0.4664787486207241]
[15.0, 11.0, 0.0, 0.0]:[0.14961846, 0.29500000000000004, 0.10720680652800002, 0.5, 0.5, 0.21304160000000003, 0.5]
[15.0, 11.5, 0.0, 0.0]:[-0.740510975642944, -0.8191065677376801, -0.9701807352666113, -0.7471727073708263, -0.7743900440929011, -0.8028615492922128, -0.9394323108550623]
[14.0, 11.5, 0.0, 0.0]:[-1.2745098559514725, -1.252425090169056, -1.187439595462206, -1.2160993929544606, -1.039996250625326, -1.1947032360433547, -1.121273992695422]
[15.0, 11.5, 0.0, 1.0]:[0.395, 0.07888000000000005, 0.31100000000000005, 0.395, 0.395, 0.5, 0.395]
[15.5, 11.5, 0.0, 1.0]:[0.25605, -0.12065982964712213, 0.04410033300000005, -0.04529958654803179, 0.24380000000000004, 0.24009000000000003, 0.17685759999999998]
[14.0, 11.5, 0.0, 1.0]:[0.06220160000000005, 0.03994838000000005, 0.05487200000000001, -0.11661094382207998, 0.04313038400000003, 0.03994838000000005, 0.0691136]
[13.5, 10.5, 0.0, 1.0]:[0.395, 0.5, 0.5, 0.23100000000000004, 0.5, 0.5, 0.5]
[13.0, 10.0, 0.0, 1.0]:[0.395, 0.395, 0.5, 0.5, 0.5, 0.5, 0.5]
[13.0, 9.5, 0.0, 1.0]:[0.29500000000000004, 0.5, 0.5, 0.5, 0.5, 0.395, 0.5]
[13.0, 9.0, 0.0, 0.0]:[-0.2485680527236, -0.09902849999999999, -0.22095691499999998, -0.03914999999999996, -0.12015818828999997, -0.10760333759999999, -0.00011641599999995256]
[13.0, 9.0, 0.0, 1.0]:[0.395, 0.20424260500000002, 0.5, 0.31100000000000005, 0.5, 0.5, 0.5]
[13.5, 8.5, 0.0, 1.0]:[0.08861910000000006, 0.25605, 0.31100000000000005, 0.29500000000000004, 0.22489000000000003, 0.395, 0.179314605]
[14.0, 8.5, 0.0, 0.0]:[-0.3600806710000001, -0.436370915, -0.29512864000000005, -0.4282885, -0.4187124200000001, -0.5086019749999999, -0.475437475]
[14.0, 9.0, 0.0, 0.0]:[-0.3419038830800001, -0.38006840000000003, -0.48403954944000005, -0.403142756, -0.4197441838, -0.410510452, -0.48748811599999997]
[14.0, 9.5, 0.0, 0.0]:[-0.34999349424000004, -0.43242282, -0.24436729999999998, -0.38854098, -0.21614849999999997, -0.21825521999999997, -0.3866256926]
[14.0, 11.0, 0.0, 0.0]:[0.18001960000000003, -0.030395666591999937, -0.05505399183999998, 0.13100000000000003, -0.015100940799999962, 0.13488623315999998, -0.050606038943999954]
[16.0, 10.5, 0.0, 1.0]:[0.395, 0.29500000000000004, 0.5, 0.395, 0.395, 0.5, 0.5]
[17.0, 10.0, 0.0, 1.0]:[0.5, 0.5, 0.395, 0.5, 0.5, 0.5, 0.5]
[16.0, 10.0, 0.0, 1.0]:[0.25605, 0.395, 0.395, 0.14877468900000002, 0.18041770320000003, 0.395, 0.16380000000000006]
[15.5, 9.5, 0.0, 1.0]:[0.24389000000000002, 0.29500000000000004, 0.29500000000000004, 0.29500000000000004, 0.2379696, 0.29105000000000003, 0.31100000000000005]
[15.5, 9.0, 0.0, 0.0]:[-0.22016599999999997, -0.21280102792670003, -0.3993840360000001, -0.4111811673384762, -0.2823749, -0.33871240976927997, -0.3995332482659]
[15.0, 9.0, 0.0, 0.0]:[-0.03734671727519995, 0.060890000000000055, -0.08301144079999995, -0.24020936911150004, -0.028549327000000013, -0.00019999999999997797, 0.06089000000000003]
[13.5, 10.5, 0.0, 0.0]:[-0.3498906434564505, -0.3176132998, -0.14112499499999998, -0.17256913999999998, -0.03914999999999996, -0.24380091500567666, -0.0715105]
[12.0, 11.5, 0.0, 0.0]:[-1.183948509927546, -1.2295164000533394, -1.2513264754212203, -1.2018713446203246, -1.1419370606521677, -1.2227856615567632, -1.1459958730271829]
[13.0, 11.5, 0.0, 0.0]:[-0.9150284760752333, -0.9307207350775443, -0.9325812705485013, -0.9196363324800436, -0.8992520442590204, -0.8483408902412801, -0.8958143225716001]
[13.0, 10.5, 0.0, 0.0]:[-0.13763087599999996, -0.04980672, -0.039444175999999956, -0.06688872117888, -0.22502432, -0.22677485517166393, -0.16706414459999996]
[12.0, 11.0, 0.0, 0.0]:[-0.20052790516712216, 0.005732544000000006, -0.14458632459999998, -0.11278356020454405, -0.29656918766369994, -0.02993136720199996, 0.08162699708799998]
[11.0, 11.5, 0.0, 0.0]:[-1.1421570245481532, -1.2263605888053142, -1.234628412913154, -1.160764667877355, -1.1391140415807839, -1.2272155774761373, -1.1267324019098903]
[10.0, 10.5, 0.0, 1.0]:[0.29500000000000004, 0.395, 0.5, 0.5, 0.25605, 0.5, 0.5]
[9.5, 10.0, 0.0, 0.0]:[-0.30273699099999996, -0.4925988486396, -0.48875480614559996, -0.388609827392, -0.3309561448, -0.512746523795012, -0.3706805919999999]
[9.0, 9.5, 0.0, 0.0]:[-0.46764447680000004, -0.4702162838, -0.45547574042216005, -0.5885792084820001, -0.5922052602900001, -0.5585413128, -0.581837152]
[9.0, 9.0, 0.0, 0.0]:[-0.7660530991016481, -0.6416938242596, -0.7130717706247001, -0.65692419712, -0.52363882624, -0.6617286367999999, -0.5987834316868]
[9.0, 8.5, 0.0, 0.0]:[-0.659627212632, -0.7195812046400001, -0.7507651611576691, -0.8356008456373412, -0.7729009062955852, -0.7767896798308, -0.6278853868800001]
[8.0, 8.5, 0.0, 0.0]:[-0.9734954455296001, -1.021135812256224, -0.9766237598966561, -0.9011921003980803, -0.8993523982016001, -0.895100629416064, -0.9037636948221353]
[9.5, 8.5, 0.0, 0.0]:[-0.7020759571440001, -0.72261208208, -0.6062582722800001, -0.6025667029075841, -0.6522096238976001, -0.7037041543920002, -0.6021835033520001]
[9.5, 9.0, 0.0, 0.0]:[-0.50042134665, -0.54572451149, -0.5815724478000001, -0.5684403069683681, -0.48963613566349995, -0.634657138842, -0.7365382857773826]
[9.5, 10.5, 0.0, 0.0]:[-0.7469411566878016, -0.7241816716660844, -0.440575600928448, -0.5095091779890629, -0.5359931059564841, -0.59587572198272, -0.5882936783257352]
[8.0, 10.5, 0.0, 0.0]:[-0.8226044675921227, -0.8561259378711, -0.756418117193661, -0.765809796730145, -0.7800934388036483, -0.710330002882087, -0.8312630154766556]
[8.0, 10.0, 0.0, 0.0]:[-0.7236918146036001, -0.5415156446, -0.590816722392, -0.64818874464718, -0.5428750488, -0.6450357358341889, -0.7286260846732799]
[8.0, 9.5, 0.0, 0.0]:[-0.8196129911214202, -0.8191682038915041, -0.7006351670420001, -0.7450441411520001, -0.7275291941136477, -0.6882626824601323, -0.739274040674]
[8.0, 9.0, 0.0, 0.0]:[-0.7821860738820001, -0.8639887784599809, -0.8384589472569672, -0.8727509474364801, -0.8252276068609441, -0.89133788036808, -0.8857284418978402]
[7.5, 8.5, 0.0, 0.0]:[-0.780530537248, -0.7898943522395001, -0.4949166201740801, -0.6384260009241332, -0.6512817488960001, -0.7236076916400002, -0.670883607230069]
[7.0, 8.5, 0.0, 0.0]:[-0.9841173779366843, -1.0103235613539843, -1.052664818000331, -1.021119945761344, -1.0800595448324481, -1.004252207609088, -0.9824612816760331]
[6.0, 8.5, 0.0, 0.0]:[-0.9343807613373442, -1.0638999589737441, -1.0208972045873401, -0.943079121870048, -0.9117533474910722, -1.0300529562269203, -1.0993437626345985]
[6.0, 9.0, 0.0, 0.0]:[-0.7609003971216801, -0.8195012721021602, -0.7657812524031193, -0.7360686546401318, -0.6779650304, -0.6421453558000001, -0.6979479533691001]
[6.0, 9.5, 0.0, 0.0]:[-0.6960179187728541, -0.7738655843808552, -0.7875317096628001, -0.672058455682, -0.7753185201122267, -0.7111245510589477, -0.6299369768928]
[6.0, 10.5, 0.0, 0.0]:[-0.8076276493607913, -0.603315009144219, -0.7392337216020001, -0.667273773440852, -0.9156935010892988, -0.6415653502511683, -0.6941940481037965]
[5.5, 11.0, 0.0, 0.0]:[-0.5834771752557165, -0.08799970173231386, -0.377133828, -0.39133097405968653, 0.0222746862835157, -0.3276471911064116, -0.10987440508999999]
[3.0, 10.5, 0.0, 0.0]:[-1.5004805741478977, -1.2547641141870673, -1.1341787241839676, -1.1916179602816295, -1.1658523112741568, -1.1847987248116643, -1.2465835606041686]
[3.0, 9.5, 0.0, 0.0]:[-1.5186405550570659, -1.13164254609228, -1.0835767940783376, -1.0996491841976406, -1.1493669573752199, -1.1175095126734202, -1.046971607194079]
[7.5, 10.5, 0.0, 0.0]:[-0.5508739232413042, -0.63192945404, -0.6430072321506272, -0.5569928991084777, -0.799395949892689, -0.609961160229694, -0.5885652929996776]
[9.0, 10.5, 0.0, 0.0]:[-0.373091657762, -0.4488839880640001, -0.6432356883522512, -0.40683947600000003, -0.7517162258377437, -0.5986904837677606, -0.5072219195456]
[8.0, 11.0, 0.0, 0.0]:[-0.5877075552259244, -0.5168734004399875, -0.45926352608367416, -0.7417574826423508, -0.7546439699921775, -0.5809330249738062, -0.6693556482351772]
[10.0, 10.0, 0.0, 0.0]:[-0.42599420988794495, -0.39965140927190024, -0.3544097408356, -0.228078, -0.43627802704000007, -0.23029372279950003, -0.337698511]
[11.0, 9.5, 0.0, 0.0]:[-0.14045091695199996, -0.03914999999999996, -0.18251073356159997, -0.03405599999999999, -0.171973395, -0.13971889999999998, -0.21251641884]
[11.5, 9.0, 0.0, 0.0]:[-0.42904442, -0.37364451499999995, -0.3517637, -0.5131606678, -0.39293964583200003, -0.47730625187968, -0.33526839999999997]
[12.0, 9.0, 0.0, 0.0]:[-0.440866196, -0.56379506124, -0.5038965566, -0.41041422076448003, -0.50823857597758, -0.37002282, -0.46224851599999994]
[13.0, 8.5, 0.0, 0.0]:[-0.2696069, -0.307781795, -0.48394834948, -0.383307555, -0.34783936409000005, -0.30608859099999997, -0.37611485705000003]
[12.0, 8.5, 0.0, 0.0]:[-0.5444438408, -0.6247539758, -0.6147890606, -0.5230189470000001, -0.565904531, -0.561432767, -0.6385028537920001]
[11.5, 8.5, 0.0, 0.0]:[-0.6174602361920001, -0.47277202700000004, -0.5799049877056001, -0.56370127244, -0.5418375313531001, -0.6227479848320001, -0.48245665340000005]
[11.0, 8.5, 0.0, 0.0]:[-0.30397082573, -0.298476213571505, -0.24347687184000005, -0.38107493929, -0.17526999999999998, -0.327664991, -0.240709087]
[10.0, 8.5, 0.0, 0.0]:[-1.0032531995872371, -1.0229740730706443, -1.0015282721346377, -0.9265027648649602, -1.0394435760119427, -0.9651879240739643, -0.9631677119116673]
[10.0, 9.0, 0.0, 0.0]:[-0.562455632, -0.7696549459219688, -0.58907619728, -0.569003213592, -0.63459000282688, -0.56485087004, -0.5198022824]
[10.0, 9.5, 0.0, 0.0]:[-0.48014195904, -0.49524940985, -0.5732039892572961, -0.5055003906800001, -0.477316355, -0.383461235, -0.6238162230000001]
[11.5, 11.5, 0.0, 1.0]:[0.395, 0.395, 0.21100000000000005, 0.124839774094336, 0.395, 0.29500000000000004, 0.18001960000000003]
[11.0, 11.5, 0.0, 1.0]:[0.12055438420000003, 0.5, 0.31100000000000005, 0.37505, 0.21100000000000005, 0.5, 0.5]
[10.0, 10.0, 0.0, 1.0]:[0.25605, 0.5, 0.5, 0.395, 0.395, 0.5, 0.29500000000000004]
[10.0, 9.5, 0.0, 1.0]:[0.25605, 0.2486495, 0.164167729, 0.5, 0.5, 0.395, 0.18190478]
[11.0, 10.5, 0.0, 1.0]:[0.395, 0.5, 0.395, 0.395, 0.5, 0.5, 0.5]
[10.0, 11.5, 0.0, 1.0]:[0.01857961261584934, 0.29105000000000003, -0.10177472149008282, 0.395, 0.04756910000000003, 0.31100000000000005, 0.395]
[9.5, 11.5, 0.0, 1.0]:[0.5, 0.395, 0.29500000000000004, 0.31100000000000005, 0.395, 0.31100000000000005, 0.5]
[9.0, 11.5, 0.0, 1.0]:[0.395, 0.5, 0.5, 0.5, 0.5, 0.5, 0.5]
[9.0, 10.5, 0.0, 1.0]:[0.5, 0.5, 0.5, 0.5, 0.5, 0.5, 0.29500000000000004]
[7.0, 11.0, 0.0, 0.0]:[-0.6831028157753853, -0.7792158800732413, -0.6065962226900387, -0.930433793529972, -0.8681578572109487, -0.7371960899641129, -0.7093878344003031]
[7.5, 10.0, 0.0, 0.0]:[-0.4859104078576, -0.5756878369516001, -0.47703697465760003, -0.45223614585, -0.5558633937936001, -0.45969548864, -0.46661261295211925]
[7.5, 9.5, 0.0, 0.0]:[-0.43310590009000005, -0.5755732775383, -0.5105246779965158, -0.523236404434, -0.536168183355344, -0.437872620032, -0.4765763120976]
[7.5, 9.0, 0.0, 1.0]:[0.14204656764391999, 0.5, 0.29500000000000004, 0.5, 0.5, 0.5, 0.395]
[7.0, 9.0, 0.0, 0.0]:[-0.4541340585271, -0.5498098103434041, -0.45366278800000004, -0.5711315077607484, -0.5808065498944801, -0.526203448482, -0.5161177906352]
[5.5, 8.5, 0.0, 0.0]:[-0.8006577362324314, -0.66513497789, -0.8300611095269641, -0.8253397148997377, -0.796382148474224, -0.6515701873236, -0.879158701153792]
[5.0, 8.5, 0.0, 0.0]:[-0.9781336647443162, -0.9976451088925353, -1.0009198123104686, -0.9393625504907297, -1.0302950153572583, -1.0283706808385804, -0.92398795314248]
[4.0, 8.5, 0.0, 1.0]:[0.5, 0.5, 0.5, 0.5, 0.5, 0.5, 0.395]
[3.5, 8.5, 0.0, 1.0]:[0.5, 0.5, 0.5, 0.29500000000000004, 0.5, 0.5, 0.5]
[4.0, 8.5, 0.0, 0.0]:[-1.292751971089631, -0.9711254251197994, -1.023059646118544, -1.0713409411004449, -0.9841649991685311, -0.9211368737536001, -1.0285882854937503]
[4.0, 9.0, 0.0, 0.0]:[-1.5271418782087607, -1.0916778190190737, -0.9652526340839196, -1.0230617218726064, -1.0758618487311402, -1.0153150773247246, -0.9853728297249233]
[5.0, 9.0, 0.0, 0.0]:[-0.5696209140037449, -0.5628699991618122, -0.47280017145, -0.6152634045115001, -0.47666617274548406, -0.7113156530625973, -0.4840299131531]
[5.5, 9.5, 0.0, 0.0]:[-0.6561499144, -0.6749497211783244, -0.8407674790277919, -0.7111310647060001, -0.6305079295480567, -0.6041757061440001, -0.7651558114112309]
[6.0, 10.0, 0.0, 0.0]:[-0.4022590979712869, -0.40218724699999997, -0.4710720945176635, -0.6053783070729678, -0.41650602258581704, -0.4744814172343321, -0.573799360792]
[9.0, 10.0, 0.0, 0.0]:[-0.40941362000000003, -0.5954046748720001, -0.5576169466705353, -0.33981739099999997, -0.363239584, -0.31866766564000004, -0.39021219383168004]
[5.5, 9.0, 0.0, 0.0]:[-0.44983443315150007, -0.439106087463664, -0.6520686646676002, -0.7239855231548, -0.43953892066296396, -0.6467681843920801, -0.48458339936808004]
[7.0, 10.5, 0.0, 0.0]:[-0.6527313067665353, -0.8589830065644053, -0.5431695853808587, -0.635724973346, -0.8357685547946963, -0.6178512232750224, -0.5366554800000001]
[6.0, 11.0, 0.0, 0.0]:[-0.5186236738936245, -0.8218235748711339, -0.8280076462351622, -0.5067935079717747, -0.5379861833218396, -0.6104469166241439, -0.559667038313385]
[3.0, 10.0, 0.0, 0.0]:[-1.3932003007723228, -1.10584290199559, -1.233632373080257, -1.0052486221467867, -1.1232802707287217, -1.0797422508267598, -1.1570761078036669]
[3.0, 8.5, 0.0, 0.0]:[-0.924096685279898, -1.0067140978784428, -0.9494729617062344, -0.9741537046582913, -1.0338808739533747, -1.0259253899438383, -0.9447015093320794]
[3.5, 8.5, 0.0, 0.0]:[-0.7797683697998888, -0.4551712872896, -0.4919263100034904, -0.6249548052573353, -0.3578234758, -0.5091079203663873, -0.40678307617286]
[4.0, 9.5, 0.0, 0.0]:[-0.8120070300797089, -0.7928561046401688, -0.9062310437436325, -0.7457561892278171, -0.9290703359819517, -0.79576471266528, -0.8832066061553125]
[5.0, 9.5, 0.0, 0.0]:[-0.7992869401099513, -0.8586417288416801, -0.8530711316722671, -0.8753592047616001, -0.9889673625504283, -0.8396469443309831, -0.8680789318815801]
[9.5, 9.5, 0.0, 0.0]:[-0.32637434, -0.29757097152199996, -0.28954929999999995, -0.25823753828736, -0.4435934748196, -0.21571124584999998, -0.34196630924000004]
[3.0, 11.5, 0.0, 1.0]:[-0.38768050878952687, -0.14689969342255227, -0.04720278426502106, 0.5, 0.395, 0.5, 0.5]
[3.5, 11.0, 0.0, 1.0]:[0.5, 0.5, 0.5, 0.395, 0.5, 0.5, 0.5]
[4.0, 10.0, 0.0, 1.0]:[0.29500000000000004, 0.5, 0.5, 0.5, 0.5, 0.5, 0.5]
[7.0, 9.5, 0.0, 0.0]:[-0.6645039318020001, -0.6451516024899999, -0.6116983199700001, -0.59125949197, -0.5823578848, -0.729127724515042, -0.656582723274]
[10.0, 11.5, 0.0, 0.0]:[-1.3956121624126014, -1.3998994406544396, -1.3503205686042423, -1.3251932712900238, -1.2300958327969784, -1.4538576588631482, -1.3396296693526555]
[11.5, 11.0, 0.0, 0.0]:[-0.120470553472, 0.08886389082618884, -0.3023311352393441, 0.07002721761792002, 0.09205000000000005, 0.09194607955924483, -0.13994871687167995]
[12.0, 10.0, 0.0, 0.0]:[-0.331233476, -0.36968289968, -0.338782155042, -0.23004192000000004, -0.16981081081574398, -0.31887435599999997, -0.356555645592]
[13.0, 9.5, 0.0, 0.0]:[0.13100000000000003, 0.19984000000000002, -0.01589431999999999, -0.0752785, 0.18721870000000004, 0.03691238000000002, 0.03791884800000003]
[13.5, 10.0, 0.0, 0.0]:[-0.22115699499999997, -0.18452165255450798, -0.24320599999999995, -0.228078, -0.23248845199999996, -0.13323761999999997, -0.293709283]
[15.5, 11.5, 0.0, 0.0]:[-1.188558345418236, -1.1301933178145278, -1.0848207235567198, -1.197757825547851, -1.0136453694919392, -1.0152942225554287, -0.9998149018455313]
[16.0, 11.5, 0.0, 0.0]:[-1.4129692834856238, -1.358448089484975, -1.3993068001572795, -1.4957598045688285, -1.4953138997804893, -1.386394342600414, -1.3764829312860667]
[16.5, 11.5, 0.0, 0.0]:[-1.4996551731203702, -1.5839115434043707, -1.6182049244247265, -1.5582243135120863, -1.528710815025692, -1.5365151373333217, -1.611225564774768]
[16.5, 10.5, 0.0, 0.0]:[-0.9510630371235537, -1.0875985428805912, -0.9580373398531401, -1.0859914044447276, -1.1877904984174001, -0.8968160667687166, -0.9956013862412306]
[16.0, 9.5, 0.0, 0.0]:[-0.7511449309200073, -0.5242020530508801, -0.568562424642, -0.853315361477315, -0.6482832963428026, -0.59429822811648, -0.7914326791900196]
[16.5, 11.0, 0.0, 0.0]:[-1.6865082153025828, -1.7198281192220695, -1.6725844390693247, -1.6651875568604442, -1.6185181121148537, -1.5814759988072289, -1.5422761561744425]
[16.5, 10.0, 0.0, 0.0]:[-1.1074983199119393, -1.2580117453279314, -1.1388145201320317, -1.3162458751007975, -1.1258920696349668, -0.7437851174217176, -1.2680283303450925]
[15.5, 9.5, 0.0, 0.0]:[-0.49233173777708805, -0.2696069, -0.1745219005952, -0.233011657529584, -0.30887111743999995, -0.22512599999999997, -0.35409836172959996]
[14.5, 9.5, 0.0, 0.0]:[-0.10119039999999999, -0.07030999999999996, -0.25546729279999997, -0.17085346953055996, -0.21523659499999998, -0.07030999999999996, -0.220288]
[13.5, 9.5, 0.0, 0.0]:[-0.40944504031195555, -0.4397569, -0.46095834, -0.37352877815968, -0.398802576, -0.40107832, -0.3791535208]
[12.5, 9.5, 0.0, 0.0]:[-0.23729331499999998, -0.4207493, -0.34239217600000005, -0.25194130000000003, -0.37351729999999994, -0.28362889999999996, -0.37017042]
[11.5, 10.0, 0.0, 0.0]:[-0.19981341099999997, -0.23135799999999995, -0.262814350857204, -0.18146036480000002, -0.38507900479999996, -0.418311507190705, -0.21696471999999997]
[10.5, 10.5, 0.0, 0.0]:[-0.28428595648, -0.31681452020289846, -0.2647982130812, -0.6103902342523734, -0.26220639999999995, -0.47105996930281213, -0.38290013256499394]
[10.0, 11.0, 0.0, 0.0]:[-0.11403008635360001, -0.12709204799999996, -0.12038326105, -0.4877659160896, -0.07350741747200001, -0.013841121479999968, -0.2824052113946266]
[8.5, 10.5, 0.0, 0.0]:[-0.540002898695245, -0.623168907584041, -0.6113688064221252, -0.6247467878416, -0.49651918764, -0.5088901235671699, -0.5058799926056141]
[10.5, 9.5, 0.0, 0.0]:[0.04052382400000004, -0.13520459499999998, -0.3819086054827631, -0.06909393999999996, 0.05348950000000002, 0.005275005000000027, -0.00019999999999997797]
[10.5, 8.5, 0.0, 0.0]:[-0.5983815045900802, -0.5942140598000001, -0.6614519813461641, -0.6968009241670999, -0.5323195533520001, -0.6071968389616, -0.5254596982320001]
[12.5, 11.5, 0.0, 0.0]:[-1.0312411725371708, -0.9864444355805697, -0.9712398140729683, -0.9723853144590427, -1.0469224786287372, -1.0071785553903962, -0.9916778228224526]
[14.5, 11.5, 0.0, 0.0]:[-1.1703983287114674, -1.1367588900657153, -1.0670521191747582, -1.1172774430691923, -0.9012149668804689, -1.1166899321156343, -1.1680061812205949]
[15.5, 10.5, 0.0, 0.0]:[-0.6621250320259813, -0.3359925448, -0.6848525641195131, -0.46203382820408, -0.2804686528, -0.5112869706835963, -0.38243873744]
[16.0, 10.0, 0.0, 0.0]:[-0.43982639510638, -0.413156035, -0.31447729999999996, -0.5103893754670064, -0.3020340728, -0.45564568404416006, -0.4164027526333952]
[16.0, 11.0, 0.0, 0.0]:[-0.11121345797759996, -0.3364831597231277, -0.1521512762816, 0.06662281775130002, 0.07279958836889999, -0.5952188519433433, -0.29498678082401225]
[16.0, 11.5, 0.0, 1.0]:[0.20789000000000005, 0.29105000000000003, -0.006995489318195158, -0.013878407569600015, 0.14784000000000005, 0.10485000000000005, 0.29500000000000004]
[15.5, 10.0, 0.0, 0.0]:[0.05208340500000003, -0.11175705599999997, -0.15512723499999997, 0.01601960000000005, -0.25630240000000004, -0.03306208923999998, -0.17638145139135997]
[14.5, 10.5, 0.0, 0.0]:[-0.07771049999999999, -0.15739419674400001, -0.10146999999999995, -0.213532389105664, -0.130573019162944, -0.22343006712855618, -0.26237765259909124]
[12.5, 10.0, 0.0, 0.0]:[-0.47747291199999997, -0.17246579366918974, 0.03596200000000005, 0.053489499999999995, -0.025187827999999968, 0.07399278000000004, -0.09736687023999993]
[12.0, 9.5, 0.0, 0.0]:[-0.5152217118, -0.5751425464000001, -0.5100796200000001, -0.6585862078000001, -0.5369909159999999, -0.5530499518, -0.55284871424]
[11.5, 9.0, 0.0, 1.0]:[0.29500000000000004, 0.5, 0.5, 0.5, 0.15609000000000006, 0.5, 0.395]
[11.5, 8.5, 0.0, 1.0]:[0.395, 0.395, 0.173453409, 0.29500000000000004, 0.29500000000000004, 0.5, 0.5]
[12.5, 9.0, 0.0, 0.0]:[-0.33226118749, -0.33816917099999994, -0.20186751999999994, -0.28276654700000003, -0.21190103999999996, -0.17626026239999998, -0.25086730779999994]
[16.5, 10.5, 0.0, 1.0]:[0.31100000000000005, 0.29105000000000003, 0.31100000000000005, 0.25533950000000005, 0.37505, 0.21105000000000004, -0.105826823459998]
[16.5, 10.0, 0.0, 1.0]:[0.19205000000000005, -0.08253398639999997, 0.08889000000000005, 0.22784000000000004, 0.04754133636346875, 0.29105000000000003, -0.09269872027853115]
[16.5, 11.5, 0.0, 1.0]:[-0.22229477701392783, -0.2173326659630316, -0.43844042788946774, -0.2451168691776, -0.11327794310573297, -0.4952920505109483, -0.16218942589]
[14.5, 10.5, 0.0, 1.0]:[0.31100000000000005, 0.09752525946840002, 0.5, 0.5, 0.5, 0.29500000000000004, 0.5]
[16.5, 11.0, 0.0, 1.0]:[0.23100000000000004, 0.21108200000000002, -0.22785031946230974, 0.03685905193600003, -0.13563088716225175, 0.10678928826112008, -0.23152004637295265]
[10.5, 11.5, 0.0, 1.0]:[0.395, 0.09125279538889497, 0.5, 0.5, 0.5, 0.5, 0.5]
[8.5, 10.0, 0.0, 0.0]:[-0.30661559304999997, -0.40572724912018243, -0.24861936079999997, -0.37794788299999993, -0.322302355, -0.5163119068499841, -0.411955346721388]
[6.5, 10.5, 0.0, 0.0]:[-0.480650830187003, -0.44954956144838, -0.3692961702743723, -0.46194989120768004, -0.5600200767625918, -0.5209766734781007, -0.5932919532330518]
[4.5, 11.5, 0.0, 0.0]:[-1.137490388458476, -1.2497767698333886, -1.2200210263454403, -1.1651185894895884, -1.150754474320357, -1.2890393354356244, -1.297297710998075]
[6.5, 11.5, 0.0, 0.0]:[-1.1541375570912185, -1.1705853080098803, -1.2754623875893996, -1.219939533218095, -1.1044452634453503, -1.0410595419900248, -1.2717744309292818]
[8.5, 11.5, 0.0, 0.0]:[-1.5047356207730682, -1.2884829939477405, -1.2630297490763842, -1.2587567126128798, -1.2931758103197661, -1.3495018082275534, -1.3789068221879788]
[6.5, 10.0, 0.0, 0.0]:[-0.37882640025000003, -0.3895681577384506, -0.20642999999999995, -0.43014898460000006, -0.29568171099999996, -0.15135337199999999, -0.375426110432]
[6.5, 9.0, 0.0, 0.0]:[-0.50904377065368, -0.29100692585, -0.22328033261183997, -0.209068596, -0.07533154880000001, -0.10887049999999998, -0.2743101688176]
[8.5, 11.0, 0.0, 0.0]:[-0.2903586438393577, -0.4850734030104102, -0.3913668535566626, -0.34247383572247214, -0.6664768128336268, -0.303422652884321, -0.32237691760918924]
[10.5, 10.0, 0.0, 0.0]:[-0.20833147199999996, -0.3236418248941952, -0.331607308229888, -0.1811904, -0.24274531100000002, -0.2600527243466752, -0.23076667199999995]
[11.5, 9.5, 0.0, 0.0]:[-0.26047929999999997, -0.265092595, -0.24943291099999998, -0.20085431999999995, -0.34204639424, -0.35845516512, -0.30409412584999995]
[13.5, 8.5, 0.0, 0.0]:[-0.3434133728, -0.34367474, -0.1826705, -0.36190569279999996, -0.15910839999999996, -0.2750655126, -0.18912800000000002]
[14.5, 8.5, 0.0, 0.0]:[-0.269009996, -0.22132665628999992, -0.13379849999999996, -0.20012599999999994, -0.07030999999999996, -0.21731889999999998, -0.1611813]
[12.5, 8.5, 0.0, 0.0]:[-0.23969330000000003, -0.26167419099999994, -0.22277899599999995, -0.16516599999999998, -0.3522034909999999, -0.2747827199999999, -0.32131921599999996]
[13.5, 9.0, 0.0, 0.0]:[-0.3020912, -0.3004553, -0.31961583826559997, -0.532996099, -0.421286852, -0.41533401999999997, -0.3545016968]
[16.0, 10.5, 0.0, 0.0]:[-0.25638984334384574, -0.360529180952, -0.4170271388180114, -0.1795521284912, -0.4539554545647105, -0.2986528684750304, -0.18084366006060398]
[13.5, 11.5, 0.0, 1.0]:[0.034929051878400064, 0.29105000000000003, 0.041748438368000074, 0.346322, 0.17980000000000004, 0.23100000000000004, 0.25609950000000004]
[12.5, 10.5, 0.0, 0.0]:[-0.45523392159200005, -0.306012276, -0.44843173110400003, -0.5551762764702929, -0.41577913412329537, -0.42291839348071847, -0.3591316866314752]
[12.0, 9.0, 0.0, 1.0]:[0.12616300500000005, 0.395, 0.395, 0.395, 0.395, 0.1807207, 0.395]
[12.5, 9.0, 0.0, 1.0]:[0.395, 0.04164870000000004, 0.395, 0.25605, 0.395, 0.216083405, 0.395]
[10.5, 11.5, 0.0, 0.0]:[-1.1905318025933087, -1.0837337642276381, -1.1720117966090404, -1.00295758004648, -0.973948561800169, -1.0866634948126688, -1.1923892783779988]
[15.5, 8.5, 0.0, 0.0]:[-0.41440341628200006, -0.4509822358000001, -0.474247028, -0.36975759384999995, -0.52438834109, -0.47190344061998, -0.3679963176]
[16.0, 8.5, 0.0, 0.0]:[-0.663035759832, -0.7258474694000001, -0.7183890394800001, -0.7888846592132968, -0.898051623619584, -0.8004876880204801, -0.5958986646800001]
[16.0, 9.0, 0.0, 1.0]:[0.21896960000000001, 0.33949910000000005, 0.395, 0.049860706776707064, 0.5, 0.01921022820000004, 0.2174895]
[15.0, 9.5, 0.0, 0.0]:[0.008619100000000046, 0.04085000000000005, 0.01009920000000003, 0.022641100000000053, 0.13100000000000003, 0.22866827407, 0.09205000000000005]
[14.5, 9.0, 0.0, 0.0]:[-0.2899892090899999, -0.13669628074399998, -0.31423434699999997, -0.18957489999999996, -0.24506839999999996, -0.2372784, -0.2922942176]
[14.5, 10.0, 0.0, 0.0]:[-0.26935761999999996, -0.13825522, -0.32488785600000003, -0.20910990207999997, -0.33606006244000003, -0.11803486404999997, -0.42554994]
[14.5, 11.0, 0.0, 0.0]:[0.13233204416, 0.06338068851891199, 0.09345260500000005, 0.0048020000000000285, -0.23184747612907522, 0.395, 0.5]
[12.0, 11.5, 0.0, 1.0]:[-0.09480738614963022, -0.06863596479999998, 0.23100000000000004, 0.31100000000000005, 0.24380000000000004, 0.31100000000000005, 0.31100000000000005]
[8.5, 9.5, 0.0, 0.0]:[-0.18414059599999993, -0.17550715556199997, -0.22945090509, -0.36231492182400005, -0.316257226112, -0.24094509527199998, -0.2666385]
[2.5, 10.0, 0.0, 0.0]:[-0.7787445848668096, -0.7006971918165009, -0.7091724058634634, -0.615501630068273, -0.8194752942330572, -0.7773534665764977, -0.8434995208158289]
[3.0, 9.0, 0.0, 0.0]:[-1.3356528976068343, -0.8074084419032153, -0.7153253331749476, -0.8202128595183868, -0.7730369716295798, -0.9196202330799825, -0.8339605387376401]
[0.5, 11.0, 0.0, 0.0]:[-0.5883884343595861, -0.6490835860858345, -0.9274047329772518, -0.8661118554637315, -0.5298400947566332, -0.5656002211297047, -0.3939374439389462]
[4.0, 11.0, 0.0, 0.0]:[-1.438170005980779, -1.028650612543335, -1.2443964769610154, -1.1360023954977456, -1.0000527727988353, -1.0834720675414546, -1.0228867487888165]
[3.5, 9.5, 0.0, 0.0]:[-1.8603081616353259, -0.98253742695567, -0.8054477170441412, -0.9748759034613573, -0.8111586422646893, -0.9673283862078869, -0.846331599714108]
[1.0, 9.0, 0.0, 1.0]:[0.5, 0.5, 0.395, 0.5, 0.5, 0.5, 0.5]
[0.5, 8.5, 0.0, 1.0]:[0.5, 0.5, 0.5, 0.395, 0.5, 0.5, 0.5]
[1.0, 8.5, 0.0, 1.0]:[0.29500000000000004, 0.5, 0.5, 0.5, 0.5, 0.5, 0.5]
[6.5, 11.0, 0.0, 0.0]:[-0.17887111856000001, -0.367040017053413, -0.21112029163297555, -0.44087714898702146, -0.3019242344851678, -0.1345651552052762, -0.2145746567401116]
[4.5, 9.0, 0.0, 1.0]:[0.5, 0.5, 0.5, 0.5, 0.29500000000000004, 0.5, 0.5]
[2.0, 11.0, 0.0, 0.0]:[-0.7981243926985557, -0.8512232751579061, -1.0594422328451336, -0.9392716968487579, -1.0909039100566889, -0.8876961097850823, -0.9255790357283356]
[2.5, 9.5, 0.0, 0.0]:[-1.255537147517425, -0.805864622173744, -0.9899302052152106, -0.8445675245044812, -0.8111409551588382, -0.7751933978660173, -0.7930903549826942]
[1.5, 10.5, 0.0, 0.0]:[-0.3503116144951339, -0.18797978843999996, -0.5344715466624026, -0.292143647939984, -0.40811383374132015, -0.1971675056246201, -0.49366925872568884]
[3.5, 9.0, 0.0, 0.0]:[-0.7581888363023552, -0.735755934718191, -0.5837021785973151, -0.5435674784403848, -0.536203281156556, -0.5546620440727801, -0.799206041279996]
[4.0, 10.0, 0.0, 0.0]:[-1.065889893807829, -0.7910954890047197, -0.8473543799557437, -0.803459503730211, -0.9549201961667688, -0.8195871492249203, -0.8464280991356492]
[5.5, 10.0, 0.0, 0.0]:[-0.6182478980053607, -0.47455898843648003, -0.5116898217520001, -0.6218420534329587, -0.4117801646, -0.5018490820664142, -0.4437294551906532]
[5.0, 10.0, 0.0, 0.0]:[-0.9830503743281815, -0.8093369109333093, -0.9778782841870981, -0.8130616179724801, -0.8201345865416929, -0.9178352251595403, -0.804813011673317]
[5.0, 10.5, 0.0, 0.0]:[-0.5183133251513243, -0.6801681187413281, -0.5549987700402501, -0.7644402658631493, -0.6742344583477251, -0.6274358689440553, -0.548858265595311]
[2.5, 9.0, 0.0, 0.0]:[-1.0057601516274606, -0.21495400153519567, -0.23761774166599997, -0.28089376703999996, -0.6324652622480801, -0.39084769207278003, -0.42974263386483497]
[8.5, 9.0, 0.0, 0.0]:[-0.6330013399840001, -0.45161984, -0.47622103884, -0.384138596, -0.47179412493, -0.48077940539200004, -0.5201715941476]
[8.5, 8.5, 0.0, 0.0]:[-0.6458235844007001, -0.6996569372795001, -0.7875298247988691, -0.6753311392976, -0.550153385950464, -0.5600198587359999, -0.5833643528000001]
[7.5, 9.0, 0.0, 0.0]:[-0.6517250054720001, -0.52550196833, -0.6955586325507801, -0.7120199621570433, -0.6120258873994999, -0.4957683258192, -0.6026205235943001]
[15.5, 11.0, 0.0, 0.0]:[-0.0779564467333787, -0.2808449769083989, -0.3180284012322178, 0.006713200401062991, 0.02991647235000433, 0.026857108023276566, -0.20371344448]
[15.0, 10.5, 0.0, 0.0]:[0.05907347408343275, 0.13100000000000003, 0.17205000000000006, -0.0412844127770281, -0.14493639710922057, 0.13100000000000003, 0.25605]
[14.5, 8.5, 0.0, 1.0]:[0.21100000000000005, 0.29105000000000003, -0.010825666999999956, 0.29105000000000003, 0.004819099999999993, 0.216083405, 0.07340836500000003]
[12.5, 11.5, 0.0, 1.0]:[0.17980000000000004, 0.177712848, -0.07476831846752002, 0.395, 0.24380000000000004, 0.35909, 0.25605]
[13.0, 11.5, 0.0, 1.0]:[0.395, 0.395, 0.21504, 0.13319720000000002, 0.29500000000000004, 0.5, 0.21504]
[12.5, 9.5, 0.0, 1.0]:[0.395, 0.13264000000000006, 0.37505, 0.5, 0.5, 0.5, 0.5]
[10.5, 8.5, 0.0, 1.0]:[0.395, 0.5, 0.5, 0.395, 0.5, 0.5, 0.5]
[15.5, 10.5, 0.0, 1.0]:[0.395, 0.395, 0.395, 0.395, 0.29500000000000004, 0.395, 0.5]
[15.5, 10.0, 0.0, 1.0]:[0.29500000000000004, 0.08446830756000001, 0.395, 0.395, 0.395, 0.395, 0.29500000000000004]
[16.0, 9.0, 0.0, 0.0]:[-0.8018728382912002, -0.830603425700864, -0.8027941695649282, -0.8416484852321968, -0.7291402651507073, -0.8337731780593564, -0.8470445975443712]
[13.5, 11.0, 0.0, 0.0]:[-0.29698920206214, -0.3199147234564505, -0.1635858348024449, -0.48730487837649095, -0.4800231423288749, -0.441556100840193, -0.26295483482364107]
[11.5, 10.5, 0.0, 0.0]:[-0.1983541425452, -0.23727839999999997, -0.23778933573478103, -0.30468173268703774, -0.11479089999999997, -0.13311627599999998, -0.4018779269626134]
[10.5, 9.0, 0.0, 0.0]:[-0.42784729162207996, -0.286790742592, -0.47653105242207994, -0.30599657229, -0.342905166272, -0.23135799999999995, -0.3680857918]
[9.5, 11.0, 0.0, 0.0]:[0.08731249264000002, 0.044505889257887454, 0.03527642901793504, -0.0009505577044187641, 0.004694071780959319, -0.5015984310255642, -0.01614603843278173]
[1.5, 8.5, 0.0, 1.0]:[0.5, 0.5, 0.5, 0.5, 0.5, 0.5, 0.395]
[2.0, 8.5, 0.0, 1.0]:[0.5, 0.5, 0.5, 0.5, 0.29500000000000004, 0.5, 0.5]
[0.0, 8.5, 0.0, 1.0]:[0.25605, 0.5, 0.395, 0.5, 0.5, 0.5, 0.5]
[0.0, 11.5, 0.0, 1.0]:[-0.14825341666087777, 0.5, 0.10618717024511998, 0.13496960000000005, 0.31100000000000005, 0.395, 0.5]
[0.5, 11.5, 0.0, 1.0]:[0.18930528000000002, 0.395, 0.395, 0.5, 0.5, 0.5, 0.5]
[3.0, 9.0, 0.0, 1.0]:[0.5, 0.395, 0.5, 0.5, 0.5, 0.29500000000000004, 0.5]
[3.0, 10.0, 0.0, 1.0]:[0.08767450517144004, 0.5, 0.5, 0.5, 0.5, 0.5, 0.5]
[9.0, 11.0, 0.0, 0.0]:[-0.3794128525568, -0.3776515240284206, -0.154127029815744, -0.537415289603385, -0.4577503446740983, -0.3648594104336208, -0.2961570781658088]
[7.0, 10.0, 0.0, 0.0]:[-0.5288495310656, -0.5635023466416744, -0.6156936250555001, -0.5825660144499913, -0.37903512704945164, -0.49130035504, -0.5342758842800001]
[7.5, 11.0, 0.0, 0.0]:[-0.5191518316824216, -0.35645865633612733, -0.412689254402, -0.4384943381572942, -0.39786109660393726, -0.55171246044217, -0.638752203992846]
[3.5, 10.5, 0.0, 0.0]:[-1.0899856618860198, -0.9522800141237733, -0.8766637566294715, -0.8964520423342359, -1.1101142462835831, -0.7905437016770125, -1.0322505118627527]
[5.5, 10.5, 0.0, 0.0]:[-0.3404724551284958, -0.593411578599347, -0.46873090060926714, -0.34578525924224096, -0.37030680913504627, -0.5299381284392504, -0.3631812000000001]
[16.0, 9.5, 0.0, 1.0]:[0.395, 0.10264110000000007, 0.395, 0.395, 0.3552995, -0.07300904446973577, 0.5]
[14.0, 10.0, 0.0, 0.0]:[-0.07030999999999996, -0.18882160826342398, -0.03914999999999996, -0.22324650000000001, 0.0006468418403200449, -0.09523799999999995, -0.14107237605033915]
[3.0, 11.0, 0.0, 1.0]:[0.5, 0.5, 0.5, 0.395, 0.5, 0.5, 0.5]
[3.5, 10.0, 0.0, 1.0]:[0.09954994331540312, 0.5, 0.5, 0.5, 0.5, 0.5, 0.5]
[11.0, 9.0, 0.0, 0.0]:[-0.35317194380000005, -0.31111202, -0.36336085109728, -0.17414272, -0.23634590451159998, -0.31867592, -0.38314354137600004]
[13.0, 10.0, 0.0, 0.0]:[-0.2600765, -0.19122999999999996, -0.3122701988639539, -0.19715029499999998, -0.19880682000000002, -0.10515999999999999, -0.07030999999999996]
[15.0, 10.0, 0.0, 1.0]:[0.29500000000000004, 0.395, 0.395, 0.5, 0.5, 0.395, 0.395]
[11.0, 10.5, 0.0, 0.0]:[-0.4460022837524727, -0.446148215, -0.4250515141227945, -0.48852025119200004, -0.5452305530933451, -0.48932381595859464, -0.6253537370754362]
[15.0, 9.5, 0.0, 1.0]:[0.395, 0.27505, 0.395, 0.05233110472832958, 0.23100000000000004, 0.29500000000000004, 0.5]
[13.5, 9.0, 0.0, 1.0]:[0.31100000000000005, 0.29500000000000004, 0.5, 0.5, 0.5, 0.5, 0.5]
[14.0, 8.5, 0.0, 1.0]:[0.395, 0.29500000000000004, 0.18115026112, 0.5, 0.5, 0.5, 0.23100000000000004]
[12.5, 11.0, 0.0, 0.0]:[0.13892181927546882, -0.06616739659999998, 0.11268654758399999, 0.1747192042, -0.6401575938277484, -0.19997821243530411, 0.09371284800000004]
[12.5, 10.5, 0.0, 1.0]:[0.21100000000000005, 0.5, 0.5, 0.5, 0.21100000000000005, 0.5, 0.5]
[12.5, 10.0, 0.0, 1.0]:[0.29500000000000004, 0.395, 0.5, 0.5, 0.5, 0.29500000000000004, 0.1940416]
[1.0, 10.0, 0.0, 1.0]:[0.5, 0.5, 0.5, 0.395, 0.5, 0.5, 0.5]
[2.0, 10.5, 0.0, 1.0]:[0.395, 0.5, 0.5, 0.5, 0.5, 0.5, 0.5]
[2.5, 11.5, 0.0, 1.0]:[0.0673885749774864, 0.5, 0.5, 0.5, 0.5, 0.5, 0.5]
[0.0, 10.0, 0.0, 1.0]:[0.395, 0.18664110000000003, 0.5, 0.5, 0.395, 0.5, 0.5]
[0.0, 9.5, 0.0, 1.0]:[0.5, 0.5, 0.5, 0.5, 0.395, 0.5, 0.5]
[0.0, 9.0, 0.0, 1.0]:[0.5, 0.5, 0.25605, 0.5, 0.5, 0.5, 0.5]
[0.0, 10.5, 0.0, 1.0]:[0.5, 0.5, 0.5, 0.5, 0.31100000000000005, 0.5, 0.5]
[1.0, 11.5, 0.0, 1.0]:[0.395, 0.5, 0.5, 0.5, 0.5, 0.5, 0.5]
[2.0, 11.5, 0.0, 1.0]:[0.5, 0.5, 0.5, 0.5, 0.5, 0.25605, 0.5]
[11.0, 10.0, 0.0, 0.0]:[-0.1427513, -0.03914999999999996, -0.10421071363399997, 0.04756910000000003, -0.20278046904999997, -0.131007031552, -0.10515999999999999]
[15.0, 8.5, 0.0, 0.0]:[-0.16414486299999997, -0.07030999999999996, -0.193911555, -0.13003171716077996, 0.058912000000000006, -0.17816482828999997, -0.036117573827599975]
[12.0, 9.5, 0.0, 1.0]:[0.27505, 0.5, 0.5, 0.5, 0.5, 0.5, 0.395]
[2.5, 8.5, 0.0, 0.0]:[-0.860988484312849, -0.63200720585, -0.745658418329687, -0.7934659699788783, -0.7834291573894357, -0.834666297506979, -0.723189681763302]
[11.0, 9.5, 0.0, 1.0]:[0.5, 0.5, 0.5, 0.5, 0.5, 0.395, 0.5]
[15.0, 10.0, 0.0, 0.0]:[0.25605, 0.25605, 0.171213005, 0.395, 0.29500000000000004, 0.5, 0.22489000000000003]
[13.0, 10.5, 0.0, 1.0]:[0.395, 0.5, 0.5, 0.5, 0.5, 0.29500000000000004, 0.5]
[11.5, 10.0, 0.0, 1.0]:[0.5, 0.395, 0.5, 0.5, 0.5, 0.29500000000000004, 0.5]
[2.5, 11.0, 0.0, 0.0]:[-0.6691803488480309, -0.589523762693225, -0.3601220270249153, -0.6382423506962239, -0.3208844460484214, -0.42230913522075014, -0.4370919297140857]
[14.0, 11.0, 0.0, 1.0]:[0.395, 0.31616909120000003, 0.5, 0.5, 0.395, 0.5, 0.24636200000000003]
[13.5, 10.0, 0.0, 1.0]:[0.395, 0.20304372400000004, 0.5, 0.5, 0.5, 0.29500000000000004, 0.5]
[14.0, 10.5, 0.0, 1.0]:[0.31100000000000005, 0.29105000000000003, 0.2486495, 0.09493276061237504, 0.395, 0.395, 0.395]
[14.5, 11.5, 0.0, 1.0]:[0.395, 0.395, 0.37505, 0.2174895, 0.395, 0.3552995, 0.395]
[12.0, 10.5, 0.0, 1.0]:[0.29500000000000004, 0.395, 0.395, 0.395, 0.03538263835302746, 0.5, 0.5]
[4.5, 10.0, 0.0, 0.0]:[-0.008481623055184018, 0.13100000000000003, -0.10431969679999994, -0.08956543679999998, -0.07598641359200003, 0.028561500000000045, 0.045264926499120006]
[10.5, 10.0, 0.0, 1.0]:[0.5, 0.5, 0.395, 0.171213005, 0.23100000000000004, 0.5, 0.5]
[12.5, 11.0, 0.0, 1.0]:[0.5, 0.5, 0.395, 0.25605, 0.5, 0.5, 0.5]
[13.0, 8.5, 0.0, 1.0]:[0.29500000000000004, 0.395, 0.29500000000000004, 0.5, 0.5, 0.395, 0.5]
[14.0, 9.5, 0.0, 1.0]:[0.25605, 0.31100000000000005, 0.31100000000000005, 0.29105000000000003, 0.14784000000000005, 0.395, 0.395]
[14.0, 10.0, 0.0, 1.0]:[0.29105000000000003, 0.395, 0.395, 0.395, 0.395, 0.37505, 0.17205000000000006]
[14.5, 9.5, 0.0, 1.0]:[0.14089000000000007, 0.2486495, 0.395, 0.395, 0.5, 0.395, 0.5]
[14.0, 9.0, 0.0, 1.0]:[0.25909000000000004, 0.395, 0.395, 0.31100000000000005, 0.395, 0.37505, 0.395]
[14.5, 9.0, 0.0, 1.0]:[0.31100000000000005, 0.395, 0.17989000000000002, 0.37505, 0.395, 0.395, 0.395]
[15.0, 8.5, 0.0, 1.0]:[0.04683382196000002, 0.29105000000000003, 0.29105000000000003, 0.37505, 0.35909, 0.395, 0.14297606000000002]
[4.5, 9.0, 0.0, 0.0]:[-0.282267908169584, -0.34999539500000004, -0.4829816053441848, -0.43752272743597126, -0.33879504621247997, -0.286895247, -0.6219017465614362]
[4.5, 10.5, 0.0, 0.0]:[-0.45710631554618175, -0.5832574099111166, -0.5706519149246181, -0.33198735110452404, -0.36010667242860184, -0.6924777962606604, -0.33420446508038404]
[4.5, 8.5, 0.0, 0.0]:[-0.43250148102888003, -0.47068286585, -0.4028744267258689, -0.6070265387475993, -0.3812816836100001, -0.5004913486003023, -0.5422494492481433]
[6.5, 9.5, 0.0, 0.0]:[-0.13383460664999997, -0.10263849999999997, -0.08680201658483513, -0.2815571915188992, -0.15076511999999997, -0.040524115, -0.17494777279999996]
[6.5, 8.5, 0.0, 0.0]:[-0.5696191531066918, -0.50470397705, -0.47865315934758, -0.30671815150534404, -0.4749261607201317, -0.46755605507168, -0.5153823958736]
[10.5, 11.0, 0.0, 0.0]:[-0.03975442879999995, -0.059893755639499946, -0.3532674177210923, -0.566817063277222, -0.36072351858937707, -0.2734616786030932, 0.051596026930052497]
[4.5, 11.0, 0.0, 0.0]:[-0.3673676074189125, -0.49440231059911355, -0.4021516772428858, -0.37834503106903067, -0.46026324492570747, -0.4819100878248737, -0.6104325303740215]
[16.0, 8.5, 0.0, 1.0]:[-0.061068899999999954, -0.07171056459999997, -0.012212399999999974, 0.007612415200000042, -0.12139451499999998, -0.19927204719999997, -0.051393114079999976]
[14.5, 10.0, 0.0, 1.0]:[0.31100000000000005, 0.395, 0.395, 0.19996200000000003, 0.395, 0.5, 0.5]
[12.0, 10.0, 0.0, 1.0]:[0.5, 0.29500000000000004, 0.5, 0.5, 0.395, 0.5, 0.5]
[15.0, 9.0, 0.0, 1.0]:[0.395, 0.395, 0.395, 0.10605570740000003, 0.395, 0.395, 0.5]
[15.5, 8.5, 0.0, 1.0]:[0.27509000000000006, 0.29105000000000003, 0.25605, 0.31100000000000005, 0.03778365171000003, 0.19996200000000003, 0.08587735367000005]
[15.0, 10.5, 0.0, 1.0]:[0.395, 0.5, 0.31100000000000005, 0.5, 0.5, 0.5, 0.5]
[14.5, 11.0, 0.0, 1.0]:[0.35909, 0.216083405, 0.32685878, 0.5, 0.5, 0.5, 0.5]
[3.5, 11.5, 0.0, 1.0]:[-0.05209618469576682, 0.395, 0.395, 0.5, 0.5, 0.5, 0.5]
[16.0, 11.0, 0.0, 1.0]:[0.5, 0.5, 0.35909, 0.5, 0.5, 0.5, 0.395]
[5.0, 10.5, 0.0, 1.0]:[0.5, 0.5, 0.5, 0.395, 0.5, 0.5, 0.5]
[5.5, 10.0, 0.0, 1.0]:[0.395, 0.5, 0.5, 0.5, 0.5, 0.5, 0.5]
[6.0, 9.5, 0.0, 1.0]:[0.395, 0.5, 0.5, 0.5, 0.5, 0.5, 0.5]
[7.0, 9.0, 0.0, 1.0]:[0.395, 0.5, 0.5, 0.5, 0.5, 0.395, 0.5]
[8.0, 8.5, 0.0, 1.0]:[0.395, 0.395, 0.395, 0.5, 0.5, 0.5, 0.5]
[9.0, 8.5, 0.0, 1.0]:[0.5, 0.18930528000000002, 0.5, 0.5, 0.5, 0.5, 0.5]
[11.5, 10.5, 0.0, 1.0]:[0.395, 0.5, 0.5, 0.5, 0.5, 0.19996200000000003, 0.5]
[15.5, 9.0, 0.0, 1.0]:[0.395, 0.5, 0.395, 0.5, 0.395, 0.5, 0.5]
[11.5, 9.5, 0.0, 1.0]:[0.395, 0.395, 0.25605, 0.5, 0.5, 0.5, 0.5]
[4.5, 9.5, 0.0, 0.0]:[-0.17950618997525114, -0.21565971500000003, -0.42186331948694433, -0.18765966911560006, -0.27823542661096, -0.17334835139817803, -0.14824199651205122]
[5.0, 9.0, 0.0, 1.0]:[0.395, 0.5, 0.5, 0.5, 0.5, 0.5, 0.5]
[5.0, 8.5, 0.0, 1.0]:[0.395, 0.14877468900000002, 0.5, 0.5, 0.5, 0.5, 0.5]
[13.5, 9.5, 0.0, 1.0]:[0.5, 0.5, 0.5, 0.395, 0.5, 0.5, 0.5]
[1.5, 11.5, 0.0, 1.0]:[0.5, 0.5, 0.013889245732136846, 0.5, 0.5, 0.5, 0.395]
[12.5, 8.5, 0.0, 1.0]:[0.395, 0.24389000000000002, 0.12650846740000005, 0.21304160000000003, 0.11311892420000003, 0.5, 0.5]
[11.0, 8.5, 0.0, 1.0]:[0.5, 0.5, 0.5, 0.5, 0.25605, 0.395, 0.5]
[10.5, 11.0, 0.0, 1.0]:[0.5, 0.5, 0.5, 0.5, 0.5, 0.5, 0.395]
[10.5, 9.0, 0.0, 1.0]:[0.395, 0.395, 0.5, 0.5, 0.5, 0.5, 0.5]
[10.0, 8.5, 0.0, 1.0]:[0.165292605, 0.09706210764799994, 0.5, 0.5, 0.5, 0.5, 0.5]
[10.5, 9.5, 0.0, 1.0]:[0.395, 0.395, 0.10296946687640002, 0.5, 0.5, 0.5, 0.5]
[10.0, 9.0, 0.0, 1.0]:[0.165292605, 0.5, 0.5, 0.5, 0.5, 0.5, 0.5]
[12.0, 8.5, 0.0, 1.0]:[0.395, 0.395, 0.395, 0.17714528000000002, 0.5, 0.5, 0.5]
[15.5, 11.0, 0.0, 1.0]:[0.37505, 0.5, 0.5, 0.5, 0.5, 0.5, 0.5]
[10.5, 10.5, 0.0, 1.0]:[0.395, 0.5, 0.5, 0.5, 0.5, 0.5, 0.5]
[10.0, 11.0, 0.0, 1.0]:[0.00709087909664452, 0.37505, 0.5, 0.5, 0.5, 0.5, 0.5]
[7.0, 9.5, 0.0, 1.0]:[0.5, 0.5, 0.395, 0.5, 0.5, 0.5, 0.5]
[6.5, 10.5, 0.0, 1.0]:[0.395, 0.395, 0.5, 0.5, 0.5, 0.5, 0.5]
[6.0, 11.0, 0.0, 1.0]:[-0.03192577359399007, 0.5, 0.5, 0.5, 0.5, 0.5, 0.5]
[4.0, 9.0, 0.0, 1.0]:[-0.23243711677819034, 0.5, 0.5, 0.5, 0.5, 0.5, 0.5]
[2.5, 10.0, 0.0, 1.0]:[-0.16759250878952692, 0.5, 0.5, 0.5, 0.5, 0.5, 0.5]
[8.0, 9.0, 0.0, 1.0]:[0.395, 0.5, 0.5, 0.5, 0.5, 0.5, 0.5]
[9.0, 9.0, 0.0, 1.0]:[0.5, 0.5, 0.5, 0.395, 0.5, 0.5, 0.5]
[9.5, 9.5, 0.0, 1.0]:[0.17228635015000002, 0.5, 0.5, 0.5, 0.5, 0.5, 0.5]
[13.0, 11.0, 0.0, 1.0]:[0.37505, 0.5, 0.5, 0.5, 0.5, 0.5, 0.5]
[9.0, 10.0, 0.0, 1.0]:[0.395, 0.5, 0.5, 0.5, 0.5, 0.5, 0.5]
[8.5, 9.5, 0.0, 1.0]:[0.09423748192570003, 0.5, 0.5, 0.5, 0.5, 0.5, 0.5]
[6.5, 11.5, 0.0, 1.0]:[0.013726051998103839, 0.5, 0.5, 0.5, 0.5, 0.5, 0.5]
[7.0, 8.5, 0.0, 1.0]:[0.395, 0.5, 0.5, 0.5, 0.5, 0.5, 0.5]
[6.5, 9.5, 0.0, 1.0]:[0.395, 0.5, 0.5, 0.5, 0.5, 0.5, 0.5]
[6.0, 10.5, 0.0, 1.0]:[0.395, 0.5, 0.5, 0.5, 0.5, 0.5, 0.5]
[5.0, 11.0, 0.0, 1.0]:[0.395, 0.048005374938609235, 0.5, 0.5, 0.5, 0.5, 0.5]
[4.5, 11.5, 0.0, 1.0]:[0.395, 0.5, 0.5, 0.5, 0.5, 0.5, 0.5]
[4.0, 11.5, 0.0, 1.0]:[-0.24030825444634185, 0.5, 0.5, 0.5, 0.5, 0.5, 0.5]
[7.5, 11.0, 0.0, 1.0]:[0.395, 0.5, 0.5, 0.5, 0.5, 0.5, 0.5]
[7.5, 11.5, 0.0, 1.0]:[-0.042577287948286524, 0.5, 0.5, 0.5, 0.5, 0.5, 0.5]
[6.5, 8.5, 0.0, 1.0]:[0.5, 0.5, 0.5, 0.5, 0.395, 0.5, 0.5]
[6.0, 8.5, 0.0, 1.0]:[0.395, 0.5, 0.5, 0.5, 0.5, 0.5, 0.5]
[5.5, 8.5, 0.0, 1.0]:[0.14152145895, 0.5, 0.5, 0.5, 0.5, 0.5, 0.5]
[17.0, 11.0, 0.0, 1.0]:[0.395, 0.5, 0.5, 0.5, 0.5, 0.5, 0.5]
[17.5, 11.5, 0.0, 1.0]:[0.29500000000000004, 0.5, 0.5, 0.5, 0.5, 0.5, 0.5]
[18.5, 11.5, 0.0, 0.0]:[0.29500000000000004, 0.5, 0.5, 0.5, 0.5, 0.5, 0.5]
[19.0, 11.5, 0.0, 0.0]:[0.29500000000000004, 0.5, 0.5, 0.5, 0.5, 0.5, 0.5]
[19.5, 11.5, 0.0, 0.0]:[0.29500000000000004, 0.5, 0.5, 0.5, 0.5, 0.5, 0.5]
[20.5, 11.5, 0.0, 0.0]:[0.29500000000000004, 0.5, 0.5, 0.5, 0.5, 0.5, 0.5]
[21.0, 12.0, 0.0, 0.0]:[0.29500000000000004, 0.5, 0.5, 0.5, 0.5, 0.5, 0.5]
[21.5, 13.0, 0.0, 0.0]:[0.29500000000000004, 0.5, 0.5, 0.5, 0.5, 0.5, 0.5]
[22.5, 13.5, 0.0, 0.0]:[0.29500000000000004, 0.29500000000000004, 0.29500000000000004, 0.5, 0.5, 0.5, 0.5]
[23.0, 13.5, 0.0, 0.0]:[0.29500000000000004, 0.29500000000000004, 0.29500000000000004, 0.29500000000000004, 0.5, 0.5, 0.5]
[21.5, 14.0, 0.0, 0.0]:[0.29500000000000004, 0.5, 0.5, 0.5, 0.5, 0.5, 0.5]
[21.0, 15.0, 0.0, 0.0]:[0.29500000000000004, 0.5, 0.5, 0.5, 0.5, 0.5, 0.5]
[20.5, 15.5, 0.0, 0.0]:[0.29500000000000004, 0.29500000000000004, 0.29500000000000004, 0.5, 0.5, 0.5, 0.5]
[20.0, 15.5, 0.0, 0.0]:[0.29500000000000004, 0.29500000000000004, 0.29500000000000004, 0.29500000000000004, 0.29500000000000004, 0.5, 0.5]
[20.0, 14.5, 0.0, 0.0]:[0.29500000000000004, 0.5, 0.5, 0.5, 0.5, 0.5, 0.5]
[20.0, 14.0, 0.0, 0.0]:[0.29500000000000004, 0.29500000000000004, 0.29500000000000004, 0.29500000000000004, 0.5, 0.5, 0.5]
[20.5, 14.0, 0.0, 0.0]:[0.29500000000000004, 0.5, 0.5, 0.5, 0.5, 0.5, 0.5]
[21.0, 13.5, 0.0, 0.0]:[0.29500000000000004, 0.5, 0.5, 0.5, 0.5, 0.5, 0.5]
[22.0, 13.5, 0.0, 0.0]:[0.29500000000000004, 0.5, 0.5, 0.5, 0.5, 0.5, 0.5]
