[3.0, 11.5, 0.0, 0.0]:[-11.819495952214186, -11.834824125559242, -11.829984354705225, -11.818391333866153, -11.808328104223285, -11.83657096197693, -11.825944118254721]
[3.0, 11.0, 0.0, 0.0]:[-11.450820329415503, -11.496014448549941, -11.458240732091486, -11.460220655115524, -11.462275871359626, -11.467425533537863, -11.455315929193619]
[3.0, 10.5, 0.0, 0.0]:[-11.23550576053221, -11.180707904622686, -11.148397556116015, -11.155289174996762, -11.183446071557324, -11.14731747419395, -11.127809837143875]
[3.5, 10.0, 0.0, 0.0]:[-10.85811102167003, -10.779573921122601, -10.791055688650525, -10.795507332521986, -10.75482879586421, -10.738862236670894, -10.776125348756372]
[3.5, 11.5, 0.0, 0.0]:[-11.591099310567223, -11.610668132554517, -11.643639640193836, -11.594137668351264, -11.596983893038804, -11.612852117116232, -11.583094045134873]
[4.0, 11.5, 0.0, 0.0]:[-11.414712110989536, -11.400467641007177, -11.407349431318707, -11.412615055763387, -11.412760109092769, -11.410562298623553, -11.403115141462754]
[4.5, 11.5, 0.0, 0.0]:[-11.407974451462119, -11.402857784162801, -11.421550197238686, -11.42268058852336, -11.386264414591363, -11.399809313823047, -11.409423021378721]
[5.0, 11.5, 0.0, 0.0]:[-11.394774337897882, -11.388064888836125, -11.363248777564117, -11.368452873832746, -11.36369837256432, -11.390915021216424, -11.393577891691882]
[5.0, 11.0, 0.0, 0.0]:[-10.888454753406265, -10.898899768492763, -10.89057671631023, -10.964678341294963, -10.9774295799152, -10.980871112307362, -10.90498803462508]
[5.0, 10.5, 0.0, 0.0]:[-10.643899644018338, -10.608333406770043, -10.580369901618116, -10.59247510338561, -10.657596935978301, -10.569165038687064, -10.607873991769143]
[5.5, 11.5, 0.0, 0.0]:[-11.511114997695769, -11.510882459626771, -11.516169385999254, -11.507347378908356, -11.477736589274814, -11.51749019112571, -11.516135215719943]
[5.0, 10.0, 0.0, 0.0]:[-10.1927360379177, -10.176703348782096, -10.228869315802074, -10.193774332907427, -10.228380961905291, -10.190824815012236, -10.154422142337781]
[5.0, 9.5, 0.0, 0.0]:[-10.054399604237302, -10.006849361957963, -10.017148098150182, -10.065662836421964, -10.053243016517646, -10.003046089204663, -10.026712562887775]
[4.5, 9.5, 0.0, 0.0]:[-10.143964610258084, -10.148139116519085, -10.19288138869562, -10.155007826423784, -10.175302581884335, -10.14607489283718, -10.169337541356565]
[4.0, 9.0, 0.0, 0.0]:[-9.90205036526918, -9.814170364134247, -9.819008371128286, -9.810737875402827, -9.790234379259457, -9.868359347111847, -9.863387788278558]
[3.5, 9.0, 0.0, 0.0]:[-10.229511513896927, -10.09487145536146, -10.048808572694295, -10.061983901880462, -10.074664990945609, -10.041958354648475, -10.056590937873407]
[2.5, 11.5, 0.0, 0.0]:[-11.68463700557197, -11.65582172359262, -11.67398355701256, -11.70030753863217, -11.660496820744957, -11.665867307957337, -11.657096185144091]
[2.0, 11.5, 0.0, 0.0]:[-11.740140727103283, -11.73708560794503, -11.755900424519893, -11.727670784233876, -11.729099715816375, -11.755474990166482, -11.721216066283434]
[1.5, 11.5, 0.0, 0.0]:[-11.719795970041055, -11.733468524633922, -11.755936254886286, -11.73815496450609, -11.708701777045341, -11.734157860453607, -11.734981589196112]
[1.0, 11.5, 0.0, 0.0]:[-11.677622764720693, -11.681209696277502, -11.705024972662342, -11.655609432789683, -11.6511696502873, -11.68251307234697, -11.681050173517704]
[0.5, 11.5, 0.0, 0.0]:[-11.848798630810098, -11.81089916139554, -11.84595863792089, -11.814453619773193, -11.83163533290011, -11.81448274092263, -11.872617232421014]
[0.0, 11.5, 0.0, 0.0]:[-12.15083502410844, -12.16027274933603, -12.183636058179843, -12.173206453363255, -12.163694326404915, -12.17224196478292, -12.182990038562926]
[0.0, 11.0, 0.0, 0.0]:[-11.9011675319413, -11.954401447909838, -11.910051269637282, -11.896664154603993, -11.892935312273254, -11.897512452785676, -11.92453763118197]
[0.0, 10.5, 0.0, 0.0]:[-11.474208161123855, -11.503993306233012, -11.539308242138363, -11.468534368354758, -11.498963661527055, -11.481867401704546, -11.498710570851744]
[0.5, 10.5, 0.0, 0.0]:[-10.84649082438114, -10.810080771075782, -10.878646811079626, -10.828867002056272, -10.842875629731427, -10.896973484356277, -10.849725354553904]
[1.0, 10.0, 0.0, 0.0]:[-10.418203352361157, -10.428393280592058, -10.424063926701622, -10.480485988380584, -10.417419244850459, -10.443031023571967, -10.432377283215667]
[1.5, 10.0, 0.0, 0.0]:[-10.613108455774862, -10.65267951756447, -10.594202173820921, -10.61482062813996, -10.629741024371205, -10.647249525351063, -10.596545788333954]
[1.5, 10.5, 0.0, 0.0]:[-11.018721357556512, -11.002842876672803, -11.022827954629854, -11.027899119835192, -11.056749329747982, -11.006916297468518, -11.06584660991691]
[2.0, 11.0, 0.0, 0.0]:[-11.478542827550521, -11.512371165424376, -11.468998568455609, -11.495771748127819, -11.490097663572088, -11.477871419891375, -11.534734179999763]
[0.0, 10.0, 0.0, 0.0]:[-10.932378627404287, -11.004589202081979, -11.058677018157189, -11.022892616741094, -10.989385457574425, -11.05290825963824, -11.046433363889406]
[0.0, 9.5, 0.0, 0.0]:[-10.619769973052499, -10.575619056576608, -10.565550744775727, -10.548977394300458, -10.591122020231492, -10.607260456873117, -10.555614049986438]
[0.0, 9.0, 0.0, 0.0]:[-10.34584210276019, -10.392146443167963, -10.3798546343392, -10.337973184372887, -10.336951270882142, -10.381724624362514, -10.37323729885962]
[0.5, 9.0, 0.0, 0.0]:[-9.879103227095651, -9.887246098278526, -9.904587381630227, -9.911338763389079, -9.966453889052353, -9.915606413895755, -9.888812166056079]
[1.0, 8.5, 0.0, 0.0]:[-9.619686760682248, -9.648599439669676, -9.629724470451691, -9.671719953837364, -9.63453367514655, -9.634171216229676, -9.620133166860894]
[1.5, 8.5, 0.0, 0.0]:[-9.81043902632136, -9.799553606798604, -9.801072024451392, -9.807748036652278, -9.824912201120618, -9.848575847373777, -9.83493188737694]
[2.0, 8.5, 0.0, 0.0]:[-9.858803532933804, -9.64710885136997, -9.642751313235426, -9.609147928695023, -9.663337611915646, -9.611633819435138, -9.60421553854164]
[2.0, 10.5, 0.0, 0.0]:[-11.139843815339333, -11.18633272764009, -11.14526902311237, -11.140925853635608, -11.10043576781006, -11.154221964748446, -11.141405077492431]
[1.5, 11.0, 0.0, 0.0]:[-11.433622174049997, -11.420516097328438, -11.413724303421661, -11.461920029114093, -11.450440547083756, -11.445606195348526, -11.468522023458736]
[1.0, 10.5, 0.0, 0.0]:[-10.911069992527084, -10.868523078164388, -10.875746945529915, -10.825834881561057, -10.827101809984123, -10.865165847603159, -10.90293712354291]
[0.5, 10.0, 0.0, 0.0]:[-10.464349778171481, -10.457255113072959, -10.469864586548733, -10.431800167558576, -10.55108841651254, -10.465897960443135, -10.513708681647147]
[1.0, 9.5, 0.0, 0.0]:[-10.092248395997485, -10.072401871981294, -10.079663121687405, -10.073717001687097, -10.069602181815277, -10.09306977879318, -10.128454644586995]
[1.5, 9.5, 0.0, 0.0]:[-10.343755332307808, -10.348160515755847, -10.347077174204223, -10.369163733516089, -10.398482272855885, -10.363834749625731, -10.363396076036206]
[2.0, 10.0, 0.0, 0.0]:[-10.686782976559492, -10.625840401366407, -10.669599158143015, -10.694941643746585, -10.6532029958705, -10.688472264588691, -10.696533072228467]
[2.5, 11.0, 0.0, 0.0]:[-11.319838172706767, -11.300750667338848, -11.260078957878472, -11.280291337020685, -11.29266355498125, -11.297530862615387, -11.265679250944643]
[0.5, 11.0, 0.0, 0.0]:[-11.325662506363217, -11.319840028076285, -11.34910203765118, -11.374296895400992, -11.321736661282667, -11.325183068316983, -11.303206708879985]
[0.5, 9.5, 0.0, 0.0]:[-10.09795775955894, -10.116867263758824, -10.119398145211738, -10.097253552232232, -10.054003135020384, -10.080954398988542, -10.178315662449567]
[0.0, 8.5, 0.0, 0.0]:[-10.439859435075498, -10.438476871148142, -10.408600692567322, -10.413481538354878, -10.402090640772752, -10.434553895062013, -10.397380155393448]
[1.0, 11.0, 0.0, 0.0]:[-11.227441768850436, -11.292249368691511, -11.249731229491157, -11.208294256774217, -11.2199977582424, -11.234455104785981, -11.250578697902737]
[1.0, 9.0, 0.0, 0.0]:[-9.808117810720159, -9.797828962648431, -9.814426906263275, -9.848279894851252, -9.788105750096816, -9.792638317116728, -9.8104320384828]
[3.5, 11.0, 0.0, 0.0]:[-11.447078142528232, -11.372732517395553, -11.446121542193278, -11.388978561122899, -11.403651728865942, -11.401725222521108, -11.401889172066165]
[4.0, 10.5, 0.0, 0.0]:[-10.68430169813526, -10.68755809050268, -10.77986079431331, -10.723662651001595, -10.736713139185637, -10.723130956710015, -10.70518161490963]
[4.5, 11.0, 0.0, 0.0]:[-11.017681994988092, -11.010075946692472, -10.96674605290243, -10.950867351473404, -10.93567828534573, -10.974973139827188, -10.973090707033652]
[4.0, 11.0, 0.0, 0.0]:[-11.055462782251173, -11.085347661625935, -11.094794978521584, -11.0198636465872, -11.112146440301267, -11.040204764401055, -11.064738696568257]
[4.0, 10.0, 0.0, 0.0]:[-10.475363000898474, -10.487519904136107, -10.46781014298053, -10.481943669524005, -10.46530003757441, -10.481728952681538, -10.467194708064161]
[4.5, 10.0, 0.0, 0.0]:[-10.293317612421722, -10.28906140861848, -10.283911792499584, -10.305737829590228, -10.278463114983163, -10.326262364287272, -10.329686276087202]
[4.0, 9.5, 0.0, 0.0]:[-10.216092508469247, -10.192731695586492, -10.248463220041454, -10.2256032119312, -10.214859749969717, -10.206782082306702, -10.216512628379508]
[4.5, 10.5, 0.0, 0.0]:[-10.579960478530634, -10.575708448917773, -10.564787022898297, -10.606259783312977, -10.538981178504262, -10.595815189499895, -10.593669634068247]
[5.5, 10.0, 0.0, 0.0]:[-10.436820790546431, -10.49885646807374, -10.455782153246675, -10.508299942573991, -10.466089301762, -10.471492378490833, -10.447815627334188]
[5.5, 9.5, 0.0, 0.0]:[-10.060708117387618, -10.058341011130317, -10.090214649309516, -10.078689997118234, -10.082245926212131, -10.054518366672216, -10.058105248746532]
[5.5, 9.0, 0.0, 0.0]:[-9.851118730580128, -9.845144328471346, -9.856626324354124, -9.820455050370057, -9.857829090209117, -9.866857155845858, -9.901868352116738]
[5.5, 8.5, 0.0, 0.0]:[-9.691666368735126, -9.682432326005161, -9.689247350798682, -9.677669216241496, -9.664190680475384, -9.7287875191553, -9.669840386477082]
[6.0, 8.5, 0.0, 0.0]:[-9.19967801457353, -9.19229595083018, -9.230398250646868, -9.205920536493231, -9.163630203224981, -9.207136360019605, -9.199901512949415]
[6.5, 8.5, 0.0, 0.0]:[-9.035535806503852, -9.006857184213885, -9.015574257256901, -9.045401341365478, -9.030580189313058, -8.997611384540468, -9.044621940465284]
[7.0, 8.5, 0.0, 0.0]:[-8.98173937480496, -8.979187055493187, -8.985193228432347, -8.985486173819567, -8.984320292265865, -9.005096445132732, -9.01724320566324]
[7.5, 8.5, 0.0, 0.0]:[-9.03449228000736, -9.026511415921961, -9.018526713912966, -9.00371079901605, -9.056815019600528, -9.080594332038581, -9.05820432666324]
[7.5, 9.0, 0.0, 0.0]:[-9.068535747075764, -9.112695593842792, -9.093668711691759, -9.069587296198668, -9.11645658436177, -9.134561372118622, -9.099302531157159]
[7.5, 9.5, 0.0, 0.0]:[-9.32607301571339, -9.28501831824871, -9.311573621055478, -9.338360611578292, -9.29253378384114, -9.281215831113864, -9.334912253765099]
[8.0, 10.0, 0.0, 0.0]:[-9.125969031497824, -9.191915436481379, -9.200607989227686, -9.200664026820196, -9.263821914525113, -9.1420781691392, -9.136452403805775]
[8.5, 10.5, 0.0, 0.0]:[-9.3938589494941, -9.445634252992866, -9.374472621026882, -9.364856002959396, -9.377986601079892, -9.38421308843821, -9.384133953981799]
[8.5, 11.0, 0.0, 0.0]:[-9.913603330393437, -9.850370629208221, -9.892659636339717, -9.92854423911742, -9.95348889610281, -9.892592452110966, -9.855863096161022]
[8.5, 11.5, 0.0, 0.0]:[-10.250902612882975, -10.269863253789692, -10.28695275593952, -10.263248458613898, -10.227677286247781, -10.273518128138269, -10.270978102333903]
[8.5, 10.0, 0.0, 0.0]:[-9.072381559149148, -9.019308590087944, -9.08433159398398, -8.984075065324557, -8.99137390710439, -9.04391786812414, -9.093571346775892]
[9.0, 9.5, 0.0, 0.0]:[-8.469665078339535, -8.448060801347818, -8.469172084030651, -8.526296716516534, -8.490950671445711, -8.508854733926029, -8.51496943821782]
[9.0, 10.0, 0.0, 0.0]:[-9.012571828934567, -9.013725826831259, -8.981060656820977, -8.980194592884839, -8.99789559737031, -9.063469634959375, -9.021581250976952]
[9.0, 10.5, 0.0, 0.0]:[-9.35808076472532, -9.351285221153839, -9.373097274783238, -9.401976390342849, -9.35234007537718, -9.380151833510137, -9.409907701674559]
[9.0, 11.5, 0.0, 0.0]:[-10.20463134152065, -10.190482204787328, -10.20958898044426, -10.207385225856036, -10.175158356730604, -10.188005669555274, -10.208968304523303]
[8.0, 11.0, 0.0, 0.0]:[-10.035710185498578, -10.062139076452576, -10.039453142888007, -10.04768550065378, -10.019048064674513, -9.993960839779742, -9.961095137807513]
[9.5, 10.5, 0.0, 0.0]:[-9.381351033983291, -9.402804735437353, -9.357185796272594, -9.390245632771897, -9.37576689505398, -9.349814406861613, -9.373552609570611]
[10.0, 11.0, 0.0, 0.0]:[-9.275701911373353, -9.246837540797479, -9.28434841042666, -9.230157063815135, -9.268198355688101, -9.201124342574635, -9.245406333441553]
[9.5, 11.5, 0.0, 0.0]:[-10.173561472336688, -10.191540840860227, -10.21289938498902, -10.178824434467119, -10.126137157908577, -10.191755910610516, -10.220381678460965]
[10.0, 11.5, 0.0, 0.0]:[-9.724658094591689, -9.742813349870612, -9.64446174254428, -9.751695449142298, -9.710880378120395, -9.750883723763875, -9.74591597761958]
[10.5, 11.5, 0.0, 0.0]:[-9.433187258620068, -9.425547368101617, -9.437864393168356, -9.434133694721035, -9.423376474037703, -9.44150330218797, -9.419677367529095]
[11.0, 11.0, 0.0, 0.0]:[-8.829643322907565, -8.85824885895713, -8.84533204634007, -8.832319811572427, -8.906125700155421, -8.831083113001982, -8.881604051343812]
[11.5, 10.5, 0.0, 0.0]:[-8.510768391142529, -8.5825269017812, -8.554618574627487, -8.564930562262473, -8.530042231376099, -8.584185032104367, -8.519643817263791]
[11.5, 10.0, 0.0, 0.0]:[-8.14904343542297, -8.191401025890066, -8.143027476519967, -8.1632018041093, -8.15212958093037, -8.208087483365915, -8.231908816798768]
[12.0, 10.0, 0.0, 0.0]:[-7.65587180126809, -7.68847131358669, -7.730362329985425, -7.677303380723547, -6.999211910811174, -7.618304501914539, -7.621917455729543]
[12.5, 10.0, 0.0, 0.0]:[-7.605874577312957, -7.6380837586463315, -7.6447484769865905, -7.631224142288757, -7.639169492111608, -7.676244343600372, -7.588792282622334]
[13.0, 10.5, 0.0, 0.0]:[-8.069322045322954, -8.137862272242623, -8.07132621250997, -8.060197826222858, -8.110148257202864, -8.105534339729566, -8.083368874263847]
[13.5, 11.0, 0.0, 0.0]:[-8.422029640425784, -8.423564965031154, -8.448101622668366, -8.39866733892987, -8.423041632887951, -8.44239536962028, -8.328397572320863]
[14.0, 11.5, 0.0, 0.0]:[-8.51121427564258, -8.487039650420481, -8.517462267236791, -8.100267227099632, -8.50203623889127, -8.527302048148533, -8.488293923287172]
[14.5, 11.5, 0.0, 0.0]:[-8.315700871981994, -8.311556209911457, -8.301080525283682, -8.289115398440229, -8.067172433776225, -8.28461047670081, -8.287154973189201]
[15.0, 11.5, 0.0, 0.0]:[-8.330528693937765, -8.3128922224383, -8.34425045579082, -8.321967718761268, -8.31724783734435, -8.057781667825425, -8.307651008883884]
[15.5, 11.0, 0.0, 0.0]:[-8.033033098477148, -8.052867294526084, -8.05915615724729, -7.980655360369084, -7.994555719547963, -7.985336568263941, -8.055384945830582]
[15.5, 10.5, 0.0, 0.0]:[-7.6388390377094195, -7.657111788342326, -7.66776593481419, -7.6573191855242415, -7.678908860889034, -7.637143482129796, -7.471051807787679]
[15.0, 10.5, 0.0, 0.0]:[-7.38333745297099, -7.436897716573244, -7.389993678991451, -7.392200275406418, -7.383516731338179, -7.457112180392721, -7.468592864558207]
[14.5, 10.0, 0.0, 0.0]:[-6.572143127285347, -6.977592626980128, -6.9678303070553875, -6.992382026577903, -7.034197528281482, -6.950677429265524, -6.961666487530729]
[14.0, 10.0, 0.0, 0.0]:[-7.083455021611301, -7.062138840596552, -7.122516643583943, -7.079649878072941, -7.063053667413309, -7.057541326582747, -7.103769655859947]
[13.5, 10.5, 0.0, 0.0]:[-8.019201438288949, -8.039591943692226, -8.086941110653342, -8.085206214272308, -7.739610913902057, -8.052787999574223, -8.064200955111648]
[13.5, 11.0, 0.0, 1.0]:[-4.098420274440167, -3.8575619750715937, -3.964978323100766, -4.054754054145205, -3.833208351495096, -4.322221376255395, -3.8578974540999593]
[13.5, 11.5, 0.0, 1.0]:[-5.335187255327872, -5.218442436698452, -5.084748121264365, -5.000985162620884, -5.127093781160362, -5.025089803431703, -4.98028131550236]
[13.0, 11.5, 0.0, 1.0]:[-4.561654195219458, -4.961142938319334, -4.796653697536189, -5.002349736964868, -4.8906108474108265, -4.748352972008105, -4.674491264769657]
[12.5, 11.5, 0.0, 1.0]:[-4.260514238022838, -4.52786989938561, -4.268598235189162, -4.353114963676425, -4.208073985094884, -4.378814417402977, -4.090625860528599]
[12.5, 11.5, 0.0, 0.0]:[-8.907128537254554, -8.884137816689352, -8.877389029596234, -8.901583433460935, -8.864756417576462, -8.90836042592531, -8.891239241875908]
[12.0, 11.0, 0.0, 0.0]:[-8.573309635859918, -8.519351074911741, -8.587961043598764, -8.536974343784886, -8.597446473391704, -8.537546021438688, -8.48986440461626]
[12.0, 10.5, 0.0, 0.0]:[-8.178853761116017, -8.220408583505, -8.163684488992109, -8.163273191114147, -8.18070751095899, -8.208310576928636, -8.174807889739824]
[11.5, 11.0, 0.0, 0.0]:[-8.791098207951007, -8.807099379492874, -8.875695694682094, -8.810918727099239, -8.806718915095193, -8.85380213186128, -8.820820370206999]
[11.5, 11.5, 0.0, 0.0]:[-9.22474621891457, -9.17671267692475, -9.221978235347997, -9.19218394122934, -8.61129649891722, -9.215232991041953, -9.220297335602595]
[3.5, 10.5, 0.0, 0.0]:[-11.239696253713777, -11.185822653136375, -11.22466505107099, -11.189022116307989, -11.210629314158778, -11.236058770391258, -11.179522238428168]
[3.5, 9.5, 0.0, 0.0]:[-10.499045813805271, -10.411183224217725, -10.396358336214426, -10.387895868341813, -10.38321825175327, -10.455278784077096, -10.38501002082134]
[3.5, 8.5, 0.0, 0.0]:[-10.011656548636012, -9.856245774374633, -9.846675502337577, -9.865885245579005, -9.882246076252303, -9.895048413388071, -9.894506396755018]
[3.0, 8.5, 0.0, 0.0]:[-9.623316913611017, -9.37993745669648, -9.376148093630094, -9.438202542687122, -9.38433328082983, -9.38879361262408, -9.441529458099987]
[2.5, 8.5, 0.0, 0.0]:[-10.481306944538039, -9.387962661137212, -9.414369212987605, -9.370305866607948, -9.411155302083488, -9.381533184704104, -9.360465898305602]
[1.5, 9.0, 0.0, 0.0]:[-10.07446157981272, -10.078409438626693, -10.055784157020819, -10.052811726560591, -10.056199267614879, -10.062989366595486, -10.054637133420096]
[2.0, 9.5, 0.0, 0.0]:[-10.363431126185718, -10.164754570133356, -10.210844457565125, -10.225121198372381, -10.208011917756316, -10.21044495268505, -10.19651292927895]
[2.5, 10.0, 0.0, 0.0]:[-10.68032963287806, -10.549957058048772, -10.578911832011112, -10.543089529889219, -10.520221637478034, -10.587859467068979, -10.58070036423334]
[2.5, 10.5, 0.0, 0.0]:[-11.173715417962448, -11.063848469293807, -11.107109405930967, -11.086840483489368, -11.083934735658264, -11.076801890123312, -11.093410996497372]
[2.5, 9.5, 0.0, 0.0]:[-10.203928682284822, -10.221129891619468, -10.212688531275257, -10.202382270101925, -10.22284836400901, -10.242671032080713, -10.205417658903825]
[3.0, 9.5, 0.0, 0.0]:[-10.157541054775836, -10.190187164069398, -10.164110526447999, -10.157364786392007, -10.18934223613558, -10.162921239619727, -10.110059013814388]
[3.0, 10.0, 0.0, 0.0]:[-10.542572581687423, -10.580597598634203, -10.58178140320599, -10.559409253533438, -10.494080198496883, -10.54126794095378, -10.593871546129371]
[5.5, 11.0, 0.0, 0.0]:[-11.191502381315338, -11.212250095047555, -11.221747059718162, -11.169295561133412, -11.166964830235749, -11.166397496144624, -11.179756849274662]
[5.5, 10.5, 0.0, 0.0]:[-10.824988957809976, -10.766659432506646, -10.743113943714988, -10.748698917481434, -10.74231227373536, -10.773305002708664, -10.776108861190494]
[6.0, 10.5, 0.0, 0.0]:[-10.2739389708386, -10.265645245840354, -10.389944763857905, -10.282261798338666, -10.351082948085523, -10.304262493954187, -10.324832808213664]
[6.5, 11.0, 0.0, 0.0]:[-10.652354370553237, -10.59367111863494, -10.573946536243795, -10.56172483416342, -10.633267023571115, -10.569352648348337, -10.562115667062681]
[7.0, 11.5, 0.0, 0.0]:[-10.90639223961417, -10.944988937181435, -10.920525446255851, -10.946217229407011, -10.907256529672702, -10.905504445568534, -10.944503252280775]
[7.5, 11.5, 0.0, 0.0]:[-10.915791450453014, -10.929261990112803, -10.937609077553086, -10.941979927027042, -10.863733872825614, -10.936453969597807, -10.935124730542993]
[7.5, 11.0, 0.0, 0.0]:[-10.627909182502645, -10.60296280932931, -10.59836126971112, -10.617182080317084, -10.660101398021276, -10.606956427824828, -10.592941499962466]
[7.5, 10.5, 0.0, 0.0]:[-10.199275579375549, -10.189548588427002, -10.163592182597473, -10.184634635719114, -10.184083707725843, -10.242304286256212, -10.183508746938541]
[7.5, 10.0, 0.0, 0.0]:[-9.677711172471653, -9.785600139170826, -9.735594794738486, -9.806140559002483, -9.797954769384067, -9.728449209187554, -9.727356961476767]
[8.0, 11.5, 0.0, 0.0]:[-10.523403938395395, -10.512400112201464, -10.590533492400171, -10.524630049629238, -10.508840868079004, -10.53550675840774, -10.514054208789624]
[8.0, 10.5, 0.0, 0.0]:[-9.629637338486548, -9.69728274805529, -9.696892375466676, -9.62405485268016, -9.726708099743215, -9.615351522407991, -9.689823559438022]
[8.0, 9.5, 0.0, 0.0]:[-8.778101609426733, -8.786730906287346, -8.837231488867149, -8.75590858524829, -8.770399466991364, -8.781582978081037, -8.810709142929756]
[8.5, 9.5, 0.0, 0.0]:[-8.788250074059194, -8.715364089541108, -8.696247582112163, -8.726978944893652, -8.752366393758193, -8.717719572111783, -8.755514979914098]
[9.0, 9.0, 0.0, 0.0]:[-8.215407244347631, -8.222061289528215, -8.239269998020013, -8.231660837813113, -8.261282028488388, -8.245382904254162, -8.225079118071122]
[9.5, 9.0, 0.0, 0.0]:[-8.295773887569583, -8.305659403003766, -8.317057538025121, -8.333283388356158, -8.297700290475849, -8.379465032971968, -8.33679540595993]
[10.0, 8.5, 0.0, 0.0]:[-7.749411119252082, -7.723773079334242, -7.736147672976315, -7.751296700882515, -7.759539639346721, -7.755224787042484, -7.725139027670226]
[10.0, 9.0, 0.0, 0.0]:[-7.713738477863231, -7.677068149304119, -7.688925518655334, -7.706052795651544, -7.671393500471557, -7.791662372998967, -7.688778559257813]
[10.0, 9.5, 0.0, 0.0]:[-8.138336574935359, -8.097091504772862, -8.156548094241622, -8.113498895014494, -8.099707942250316, -8.165221364154363, -8.17568438311933]
[9.5, 10.0, 0.0, 0.0]:[-8.941000500344494, -9.01272911435495, -8.983984817754648, -8.953372966330509, -8.938964870009286, -8.983215277580848, -8.962256128738435]
[9.0, 11.0, 0.0, 0.0]:[-9.68820579266901, -9.762584820984662, -9.687830855215957, -9.714423679536418, -9.690007328315097, -9.749505110909269, -9.70151200595723]
[9.5, 11.0, 0.0, 0.0]:[-9.831112222705485, -9.84148841757733, -9.782375608209135, -9.788685077087578, -9.792379147540384, -9.813398375906159, -9.846876076358548]
[7.0, 10.5, 0.0, 0.0]:[-10.089013821587304, -10.129032719358252, -10.169923477034224, -10.088792770331835, -10.094104009160661, -10.12888553860145, -10.102893642881135]
[6.5, 10.5, 0.0, 0.0]:[-10.103319795545703, -10.060774755358677, -10.072578435574451, -10.105254114305282, -10.122715933205297, -10.09272935028213, -10.047848259866745]
[7.0, 10.0, 0.0, 0.0]:[-9.532717616312354, -9.47615705042865, -9.511490197126275, -9.485774054881235, -9.515189525744468, -9.506552162857163, -9.570085873012216]
[7.0, 9.5, 0.0, 0.0]:[-9.24469307691752, -9.183865743333916, -9.156606462114384, -9.154729458860938, -9.182383177202652, -9.213381633278189, -9.21180942410691]
[6.5, 11.5, 0.0, 0.0]:[-11.018403197516628, -11.023108875203711, -11.0499290956754, -11.011996485435679, -10.992034073980488, -11.023348221604438, -11.004609350883717]
[6.0, 11.5, 0.0, 0.0]:[-11.127049884480694, -11.152752498199371, -11.137948830799502, -11.1545826965917, -11.140558388309959, -11.153959649081484, -11.123147447519504]
[10.0, 10.0, 0.0, 0.0]:[-8.522719971326302, -8.483578522661459, -8.492253072102887, -8.49825048510925, -8.514058345589566, -8.59630014416853, -8.508434598712359]
[10.5, 10.0, 0.0, 0.0]:[-8.251541542894241, -8.257914751156433, -8.24809354165616, -8.285288890586413, -8.333691349206402, -8.291578525741299, -8.248570347009286]
[11.0, 10.5, 0.0, 0.0]:[-8.649946623955213, -8.645285236832818, -8.61599480571217, -8.620396785087433, -8.617179380060179, -8.679000396038381, -8.618411184332139]
[12.0, 11.5, 0.0, 0.0]:[-8.646902941329472, -8.98141825341483, -8.945069388057043, -8.942314099331146, -8.9452931573431, -8.956286696847625, -8.98638024631438]
[13.0, 11.0, 0.0, 0.0]:[-8.319435546445098, -8.345052784269889, -8.326733694553814, -8.399240172321857, -8.394495792161278, -8.35873387897725, -8.313916748351465]
[13.5, 11.5, 0.0, 0.0]:[-8.837048190914203, -8.834807263919991, -8.806287694180014, -8.84247039583558, -8.80920514346195, -8.808692717758376, -8.803676849637132]
[15.5, 11.5, 0.0, 0.0]:[-8.38080516645121, -8.398674701651071, -8.431911270954242, -8.436999871819863, -8.174168111087647, -8.388045706106551, -8.426842549231097]
[15.5, 11.5, 0.0, 1.0]:[-5.509540642978305, -5.5812931364118255, -5.750999907025285, -5.481799634612262, -5.575712470289028, -5.434226547867469, -5.521463092137399]
[3.0, 9.0, 0.0, 0.0]:[-10.374332029519744, -9.774501307993383, -9.796384572425739, -9.7578924932068, -9.751538470334756, -9.791245672251268, -9.829387345430423]
[2.0, 9.0, 0.0, 0.0]:[-9.864394021834846, -9.863347367588643, -9.87535964071317, -9.837751343208149, -9.867290735012798, -9.840485237478708, -9.894857255173667]
[2.5, 9.0, 0.0, 0.0]:[-9.937583589360743, -9.66116501307817, -9.67103770388278, -9.695754593434119, -9.742720123870301, -9.722568133593429, -9.711940462804568]
[4.5, 9.0, 0.0, 0.0]:[-9.759818048522689, -9.707585922905333, -9.704059713933875, -9.735110657333994, -9.752917652892732, -9.715332284514096, -9.725901248553457]
[6.0, 11.0, 0.0, 0.0]:[-10.663333859070017, -10.669810984088617, -10.711135524381866, -10.666335970478425, -10.65812743821719, -10.717387968540372, -10.652141163905977]
[7.0, 11.0, 0.0, 0.0]:[-10.47351075467818, -10.448581823059644, -10.475944453865132, -10.435790147557801, -10.488460214032438, -10.49038728968543, -10.466798571037005]
[9.5, 9.5, 0.0, 0.0]:[-8.663304765695123, -8.645216842641602, -8.611730108084991, -8.572791937419208, -8.607013660181675, -8.575636412143911, -8.600292771673676]
[10.5, 9.5, 0.0, 0.0]:[-7.9332717502108, -7.928814362115416, -7.925553158897653, -7.95221763592655, -7.915604343970912, -7.94182727186117, -8.006124414168708]
[10.0, 10.5, 0.0, 0.0]:[-8.802514677548482, -8.82439177676656, -8.855317817002623, -8.79030892226158, -8.853451879692603, -8.81369935133747, -8.819140402904358]
[11.0, 11.5, 0.0, 0.0]:[-9.236569327900781, -9.234812077746824, -9.247658674407766, -9.232370888707528, -9.210750947074413, -9.154157489048401, -9.219806561092183]
[12.0, 9.5, 0.0, 0.0]:[-7.429327318239446, -7.426460181960252, -7.503128248905543, -7.464469569463872, -7.43737676613234, -7.4334095009606465, -7.441625325104997]
[11.5, 9.5, 0.0, 0.0]:[-7.675580681075014, -7.668309429803154, -7.645537132947317, -7.641931045637551, -7.62787147408814, -7.705507298150014, -7.4512530281528395]
[11.0, 10.0, 0.0, 0.0]:[-8.18202595850235, -8.223475171458723, -8.171982065995099, -8.18994165654768, -8.143568027890753, -8.188391764392488, -8.214764487749653]
[12.0, 9.0, 0.0, 0.0]:[-7.212916253471998, -7.2403928149224965, -7.22290294167559, -7.1898095445585986, -7.214214610729308, -7.171974984634601, -7.188582166708123]
[12.5, 9.0, 0.0, 0.0]:[-7.026847436698087, -7.048476403522486, -7.074113745472929, -6.975648912967088, -7.028040930764817, -7.016175503388651, -6.415894207476998]
[12.5, 8.5, 0.0, 0.0]:[-7.079786208819478, -7.123382807010685, -7.086527401459873, -6.763048648011679, -7.079933241501907, -7.019679715469059, -7.05807212883316]
[13.0, 8.5, 0.0, 0.0]:[-6.960958525382535, -6.951389199141974, -6.96218332202788, -6.920063523030242, -6.967433776524796, -6.96563736985058, -6.960752739929489]
[13.5, 8.5, 0.0, 0.0]:[-6.875764864737032, -6.889556976743358, -6.904578468155481, -6.857995351197041, -6.894148330840133, -6.890483232267854, -6.908209317181629]
[14.0, 9.0, 0.0, 0.0]:[-6.756908811835198, -6.728478739020641, -6.708657009351029, -6.693984570716079, -6.723638382065925, -6.7165796524628405, -6.7322505740742375]
[14.0, 9.5, 0.0, 0.0]:[-6.555095076841003, -6.882898222414503, -6.931843316286987, -6.9349447745049275, -6.890170345015127, -6.9181419990116035, -6.889220677657394]
[13.0, 11.5, 0.0, 0.0]:[-8.781965584556156, -8.800987674602421, -8.759793795060128, -8.760120268751683, -8.769591924680014, -8.760171996907005, -8.75744567415722]
[12.5, 11.0, 0.0, 1.0]:[-1.9242228912953372, -2.6276560371728612, -2.4556843647566153, -2.069527255705479, -2.033612548620911, -2.0003842030645926, -2.150378820847143]
[12.5, 10.5, 0.0, 1.0]:[-1.9508261261953181, -2.389535758370009, -2.0676163409410178, -1.848319643550152, -2.4849596590010363, -2.7757453079276475, -1.9022625876064283]
[12.5, 10.0, 0.0, 1.0]:[-1.7241905135456552, -1.9102584897758157, -2.1362027907501653, -1.7561181723157862, -1.70643566824992, -2.156041329378069, -2.0725533618584837]
[12.5, 9.5, 0.0, 1.0]:[-1.8980056321616536, -2.1850298797534546, -2.1574728537647765, -1.6726307181601712, -2.0172417920331527, -1.6697759220954154, -1.940936693530478]
[12.5, 9.5, 0.0, 0.0]:[-7.245670546669202, -7.29616020185545, -7.279361936179367, -7.200065928141554, -7.242155706276334, -7.279771460358656, -7.27169880915798]
[12.5, 10.5, 0.0, 0.0]:[-7.985744616679331, -8.037230656687173, -8.005323256572712, -8.021790897797205, -7.996253614727541, -8.002352396881578, -8.073739545612828]
[10.5, 10.5, 0.0, 0.0]:[-8.575450799511657, -7.964427890005558, -8.61519713935402, -8.648910870310923, -8.591493186509176, -8.600135358833882, -8.642145212415851]
[8.0, 9.0, 0.0, 0.0]:[-8.444996385557792, -8.431806399056011, -8.513727031821716, -8.383892238895136, -8.370774229718556, -8.431797063694034, -8.456702501503957]
[14.0, 11.0, 0.0, 0.0]:[-8.289667076196249, -8.254447596161794, -8.262261465677508, -8.250153011126555, -8.249323433368664, -8.238560464952242, -8.219980457097382]
[14.5, 11.0, 0.0, 0.0]:[-8.029702317783396, -7.979886108294883, -8.029604099572762, -7.990497694502466, -8.002509677414098, -8.018575906685587, -8.040374265995647]
[14.5, 10.5, 0.0, 0.0]:[-7.597183726474734, -7.588740347603273, -7.593162814317921, -7.597478242904619, -7.580034736668262, -7.641072857989444, -7.695392840688915]
[13.5, 9.5, 0.0, 0.0]:[-7.116137045759323, -7.108564899741344, -7.1495900918756865, -7.0963855237421, -7.110401381114069, -7.133408971290118, -7.090057526613831]
[13.5, 9.0, 0.0, 1.0]:[-3.1019155162269163, -3.1867126072308958, -3.102865141788883, -2.8084097701460546, -3.0765120584029715, -3.2816712278213918, -2.8885999121714843]
[14.0, 9.0, 0.0, 1.0]:[-2.8889643518740793, -3.3203034577552155, -3.249506362061368, -3.1985807816662177, -3.1628196306410064, -2.9176608464174323, -2.915179865793866]
[14.5, 9.0, 0.0, 1.0]:[-3.5579463453171254, -3.2965526330145623, -3.335314917413936, -3.601683085182972, -3.303330006319364, -3.469112586357855, -3.3059766964122423]
[15.0, 8.5, 0.0, 1.0]:[-3.791980861178771, -3.969945507563669, -3.943347895393061, -3.8656850242939065, -3.8514036562771774, -3.8910036480392423, -4.065805977399514]
[15.5, 8.5, 0.0, 1.0]:[-3.687924668208922, -4.023653270212649, -3.708642355521884, -3.9796443935644246, -3.9601268068561377, -3.8045985847884256, -3.864710004333856]
[14.5, 8.5, 0.0, 1.0]:[-3.349384413397156, -3.2598338057002376, -3.340634050736261, -3.2893573339259063, -3.4445440846245434, -3.608294816217369, -3.5152221955893608]
[15.0, 8.5, 0.0, 0.0]:[-6.470550383066846, -6.488716908549484, -6.519449123688493, -6.514983362183086, -6.503573688103905, -6.2983400954617785, -6.487219166153283]
[14.5, 8.5, 0.0, 0.0]:[-6.480279896281984, -6.46427950549072, -6.458688272693022, -6.463530700638367, -6.464560877837769, -6.289362483231767, -6.4759605351388325]
[13.5, 9.0, 0.0, 0.0]:[-6.883821675821455, -6.881020418811333, -6.903502179404579, -6.920662290870301, -6.50120531270574, -6.876720607520727, -6.937579281075967]
[13.0, 10.0, 0.0, 0.0]:[-7.532440483150714, -7.582380281245927, -7.544299693140044, -7.575805728428629, -7.498476508217227, -7.4910146480310065, -7.554225111696393]
[15.5, 10.0, 0.0, 0.0]:[-7.247589003425526, -7.244331226553713, -7.206601714125882, -7.199613850763126, -7.244573488233153, -7.266166236930337, -7.222022398918027]
[15.0, 10.0, 0.0, 0.0]:[-7.096199922840606, -7.085729848296708, -7.139215645151266, -7.097214547194863, -6.843057196726234, -7.08945148669558, -7.0694860676655695]
[15.5, 9.5, 0.0, 0.0]:[-6.817502639052943, -6.823892382311508, -6.844785189238294, -6.851337349348965, -6.808659892458778, -6.810266353399389, -6.817341719524524]
[16.0, 9.5, 0.0, 0.0]:[-7.063312207399287, -7.055980171689757, -7.108299401068944, -7.038110031861317, -7.048535871696224, -7.113626180810602, -7.055809383433109]
[16.5, 10.0, 0.0, 1.0]:[-4.706326898244056, -4.683882833460263, -4.37770542973936, -4.636714724852079, -4.765305975604656, -4.904532275901142, -4.720312470274822]
[16.5, 10.5, 0.0, 1.0]:[-4.405160184667257, -4.4263720035180025, -4.526070839459365, -4.3826752351354505, -4.649058572874711, -4.310290178629425, -4.60749850236493]
[16.5, 11.0, 0.0, 1.0]:[-5.309757051718547, -5.29445585145627, -5.340122442455697, -5.486689193948905, -5.3979193130108065, -5.534207006530763, -5.3990556534171725]
[16.0, 11.5, 0.0, 1.0]:[-5.676514480239667, -5.708247963365387, -5.345829846478742, -5.571267894375095, -5.450594878915464, -5.612399024189303, -5.751636954813303]
[16.0, 11.5, 0.0, 0.0]:[-8.448330211456497, -8.478693740646579, -8.473484922491155, -8.432534402452925, -8.435071518044728, -8.448827005331568, -8.48504222610467]
[14.0, 10.5, 0.0, 1.0]:[-4.126787493064315, -3.861927624092932, -4.026600581374126, -3.8840033187611596, -4.027177102707467, -3.818362185621995, -4.318222062660015]
[14.0, 10.5, 0.0, 0.0]:[-7.763969320250698, -7.758545780530766, -7.811761214682906, -7.746478274098994, -7.758992905966709, -7.755943438310386, -7.219065749295658]
[15.0, 9.5, 0.0, 0.0]:[-6.564672619673434, -6.505303281203483, -6.339399313743624, -6.5070244331199705, -6.536997852987801, -6.591938548326431, -6.651980340318777]
[14.5, 9.5, 0.0, 0.0]:[-6.515094151973036, -6.50944392503639, -6.560588544953715, -6.3383093743512, -6.5654359578658585, -6.559979369128435, -6.56851425197366]
[13.0, 9.5, 0.0, 0.0]:[-7.274498727618069, -7.234174331495598, -7.218362759470837, -7.246673032091809, -7.307541699671708, -7.29929315661121, -7.215524833263846]
[12.0, 10.5, 0.0, 1.0]:[-1.5707429654837117, -2.210601464391675, -1.8512667071782287, -1.9380253911431145, -1.525045901675457, -1.6478775780946067, -1.6878046198311136]
[12.0, 11.0, 0.0, 1.0]:[-1.6475814647046714, -1.9481115227271064, -2.307471840951999, -2.157433968396196, -1.5931199806676988, -1.6866415045585526, -1.7666898456700182]
[12.0, 11.5, 0.0, 1.0]:[-3.9971012456543615, -3.965999822551264, -3.610848901281462, -4.1507321632867855, -4.172145398240095, -3.9539925072923543, -4.237215941819378]
[10.5, 11.0, 0.0, 0.0]:[-9.083628815955507, -9.043959633058362, -9.012811861224574, -9.008148920639186, -9.006940558910573, -9.076749411317131, -9.016878191741247]
[1.0, 11.5, 0.0, 1.0]:[0.5, 0.4475, 0.5, 0.4475, 0.5, 0.3877625, 0.5]
[0.5, 8.5, 0.0, 0.0]:[-9.64849190828078, -9.60890556973076, -9.7025510327214, -9.629403102927263, -9.609779976349705, -9.612179528311396, -9.592053989234294]
[6.0, 10.0, 0.0, 0.0]:[-9.894073421731441, -9.854203094048547, -9.96172131236063, -9.887902450342537, -9.881395995530001, -9.850498419362287, -9.846429532807825]
[6.5, 10.0, 0.0, 0.0]:[-9.70022451880238, -9.712532449566439, -9.790838666403648, -9.697837990740402, -9.703565534706419, -9.747391488807358, -9.78207040935264]
[6.0, 9.0, 0.0, 0.0]:[-9.182907357813704, -9.17809336076176, -9.178568457902177, -9.159834086154644, -9.249408292092976, -9.183299566535707, -9.141793171879879]
[6.0, 9.5, 0.0, 0.0]:[-9.481342482419096, -9.490522627955372, -9.534860221965316, -9.484590615371106, -9.49546372227558, -9.576997979988501, -9.47990013457851]
[10.5, 8.5, 0.0, 0.0]:[-7.5973119208834206, -7.571783269090505, -7.593920255846119, -7.549783200861019, -7.579882633856956, -7.552279890173739, -7.577666930447224]
[11.0, 8.5, 0.0, 0.0]:[-7.527131516212662, -7.52264129052267, -7.55161720533005, -7.52478989739621, -7.54076970435502, -7.532776595552658, -7.528792732366759]
[11.5, 8.5, 0.0, 0.0]:[-7.774099016496341, -7.7918287987111965, -7.781553932005549, -7.79715091720836, -7.770800554763411, -7.814701768000823, -7.79588261406706]
[6.5, 9.5, 0.0, 0.0]:[-9.232747774778467, -9.286463244908042, -9.245719096413268, -9.205295691732351, -9.263247457210355, -9.301993793124318, -9.223876886836873]
[6.5, 9.0, 0.0, 0.0]:[-8.98445239670711, -8.949995310689113, -8.931334274396134, -8.95017924132594, -8.967870196238609, -8.971633395357003, -8.948799812681047]
[5.0, 9.0, 0.0, 0.0]:[-9.62625206528815, -9.657086459924582, -9.678492516296235, -9.656402183062207, -9.679265391209986, -9.690084091058413, -9.626795898461253]
[13.5, 10.5, 0.0, 1.0]:[-3.7677555039353106, -3.480500612309414, -3.385710080881385, -3.7311808142650675, -3.751503988361851, -3.774572503065446, -3.671823771658015]
[13.5, 10.0, 0.0, 1.0]:[-3.7423262092917358, -3.928607325892831, -3.884004129541787, -3.4501390042890563, -3.318269376549208, -3.787430489982043, -3.6500551044811305]
[14.0, 10.0, 0.0, 1.0]:[-3.5957257276059926, -3.7810558442591695, -3.846875653890229, -3.7980007878159014, -3.4603534648838354, -3.4567453196485767, -3.850998307476653]
[14.5, 9.5, 0.0, 1.0]:[-3.4355968118330718, -3.7032336594755972, -3.463834929069576, -3.438735751471212, -3.7118587034274233, -3.3923127535327913, -3.390015568425799]
[15.0, 9.5, 0.0, 1.0]:[-3.521563777557572, -3.5757980429678518, -3.480366320801644, -3.477195069049821, -3.489054207133151, -3.7653229327185964, -3.495371629979056]
[15.5, 9.0, 0.0, 1.0]:[-3.2605645377760446, -3.464368506970751, -3.215993300931311, -3.497266802051509, -3.1482814290745376, -3.1673526466476702, -3.201336619922751]
[15.5, 9.5, 0.0, 1.0]:[-3.8859294224075516, -3.562786498808274, -3.8533516529251783, -3.9496772720816518, -3.8676279788998356, -3.7147773555059205, -3.6265077744993364]
[16.0, 9.5, 0.0, 1.0]:[-4.221900498496739, -4.174951628237999, -4.217185476902853, -4.260071892365622, -4.216606094700139, -3.8151384966697295, -4.1169778768809016]
[16.0, 10.0, 0.0, 1.0]:[-4.493944392310997, -4.374221523595883, -4.388330729538126, -4.517638332374049, -4.489843807464307, -4.434624243533382, -4.222332134299053]
[16.0, 10.5, 0.0, 1.0]:[-4.049020814600577, -3.8604698452898787, -4.245273960184849, -4.085491238827485, -4.307678042607268, -3.8380608059932584, -3.89150442481237]
[15.5, 11.0, 0.0, 1.0]:[-4.563889794658959, -4.753226665046475, -4.569428232300329, -4.772772673850967, -4.546027800817413, -4.781920968004434, -4.556829300958207]
[15.0, 11.5, 0.0, 1.0]:[-5.142820561478638, -5.130005866652369, -5.224933014851597, -5.089069211035905, -5.2649435849360895, -5.18255868090669, -5.394910371192126]
[14.5, 11.5, 0.0, 1.0]:[-4.911808755913622, -4.854101577495555, -4.837152648050543, -4.941254826664893, -5.184798484117918, -5.064599228340721, -4.835904855551581]
[13.5, 10.0, 0.0, 0.0]:[-7.641214416215448, -7.571708283361394, -7.533958253295098, -7.578396138032604, -7.574768240746838, -7.537675258016132, -7.5564795970597975]
[15.0, 9.0, 0.0, 0.0]:[-6.501114443464739, -6.486480623166771, -6.510113180656632, -6.497871260137827, -6.579275758774928, -6.489368445019917, -6.497288708713444]
[16.0, 10.0, 0.0, 0.0]:[-7.419155280378567, -7.401124759777986, -7.386636456049155, -7.372405196915137, -6.879205711811579, -7.385738688318455, -7.358077205797565]
[16.5, 10.5, 0.0, 0.0]:[-7.6179197927628595, -7.680141884962368, -7.5979786647270195, -7.64936448572164, -7.64307825480385, -7.623527094550637, -7.626792552687587]
[16.5, 11.0, 0.0, 0.0]:[-8.328397444325509, -8.31707701858406, -8.335999321877683, -8.282134423627543, -8.302343793549761, -8.312902789853455, -8.314314895340218]
[13.5, 9.5, 0.0, 1.0]:[-2.9918017752377426, -2.9404934767258424, -3.051106570959042, -3.32763897115189, -2.9209901337808155, -2.925211898371945, -2.9681746587280236]
[16.0, 10.5, 0.0, 0.0]:[-7.422194220464693, -7.699584143948335, -7.660146310315526, -7.687506207622389, -7.728808683622365, -7.685620277100663, -7.681782431338692]
[16.0, 11.0, 0.0, 0.0]:[-8.073241971150745, -8.078202058320715, -8.002607287741561, -8.010122940135243, -8.004544054189802, -8.042786581837543, -8.004405438373654]
[16.5, 11.5, 0.0, 0.0]:[-8.293240408807044, -8.314205575921392, -8.34324400217558, -8.281210716380487, -8.290903010039939, -8.290901840879593, -8.304292707108782]
[14.0, 8.5, 0.0, 0.0]:[-6.609040398372049, -6.607252904811098, -6.582084397112936, -6.588815367210147, -6.606991056104224, -6.600287577230393, -6.616999387331892]
[14.5, 9.0, 0.0, 0.0]:[-6.554093423455679, -6.540104592083949, -6.540326577813511, -6.537341997966152, -6.5815681534404185, -6.223126711400339, -6.565249656446296]
[15.0, 11.0, 0.0, 0.0]:[-7.874301141039413, -7.873619799168731, -7.8632856397989075, -7.91611181735982, -7.8477559476795005, -7.851478868235349, -7.901691979666829]
[16.5, 10.0, 0.0, 0.0]:[-7.53912554213532, -7.556921131841747, -7.321510949288823, -7.521405455520385, -7.562551144588518, -7.52363953648649, -7.571179581434573]
[16.0, 11.0, 0.0, 1.0]:[-4.192717122250848, -4.225685494507681, -4.4723173302674555, -4.2560896923230835, -4.094769361101996, -4.295514614903132, -4.127992467272901]
[16.5, 9.5, 0.0, 1.0]:[-0.19937187699131648, -0.016501139309942618, -0.2949927715478031, -0.48347124520860435, -0.01850489559120963, -0.34609336150516845, -0.025415610938143856]
[15.5, 9.0, 0.0, 0.0]:[-6.533390559809245, -6.498605196834779, -6.533464676296157, -6.599626701076837, -6.546109703727405, -6.496390344373458, -6.55814757604983]
[16.5, 11.5, 0.0, 1.0]:[-5.81490066863123, -5.5156259323227665, -6.093180295024456, -5.518157641326429, -5.80485381612012, -5.525697870733673, -5.655560006572657]
[3.0, 11.5, 0.0, 1.0]:[-4.519238449475065, -1.8354373151360788, -2.3744702243990674, -1.8941723906710655, -1.3321328081856647, -1.980615945429263, -1.464856445871646]
[3.0, 11.0, 0.0, 1.0]:[-2.037448751435599, -1.3095445812486306, -0.8921872734039458, -0.462479199780705, -1.5142786913612327, -0.5034572282685177, -0.7542170902648474]
[5.0, 8.5, 0.0, 0.0]:[-9.41215797535463, -9.427609464455983, -9.427719964628182, -9.41568963342296, -9.444162611100259, -9.416598699705467, -9.49245577334928]
[4.5, 8.5, 0.0, 0.0]:[-9.401242669633671, -9.39169962041126, -9.416322434768928, -9.402184099094534, -9.39047729201595, -9.430698444582283, -9.380261908521065]
[4.0, 8.5, 0.0, 0.0]:[-9.662238089329344, -9.471664669545687, -9.544647856634867, -9.491253033003105, -9.503888929334591, -9.474943621546364, -9.481693340795296]
[12.5, 11.0, 0.0, 0.0]:[-8.376352752808195, -8.376336851064055, -8.426248208999853, -8.3661179656308, -8.453257208637737, -8.378664738146378, -8.370442370967472]
[13.5, 8.5, 0.0, 1.0]:[-3.3237832053461602, -3.2633653447177187, -3.384412153259721, -3.2726284574723645, -3.6310479170661196, -3.538531789899995, -3.505261435162928]
[13.0, 9.0, 0.0, 1.0]:[-2.3605760641926903, -2.344514454395508, -1.9931473085677078, -2.3907871313221083, -2.2753561202867356, -2.0766960537129426, -2.008702913293699]
[12.0, 10.0, 0.0, 1.0]:[-1.244329526101511, -1.505216610452423, -1.8880921317971533, -1.3150367196397683, -1.3206702602258353, -1.8127922179873432, -1.6527416386164744]
[8.5, 8.5, 0.0, 0.0]:[-8.33669860343678, -8.338444801893194, -8.355460732927147, -8.311768241471269, -8.33181004699671, -8.29713235918487, -8.288233030065706]
[9.0, 8.5, 0.0, 0.0]:[-8.214052800525844, -8.21522025772669, -8.197399852940444, -8.229050388958353, -8.177302686020763, -8.187441478004946, -8.172546570538795]
[7.0, 9.0, 0.0, 0.0]:[-8.90469712150709, -8.861476966211107, -8.93948911740818, -8.931167344735192, -8.86584555004007, -8.891476947050686, -8.867813073388419]
[13.0, 9.0, 0.0, 0.0]:[-7.024154573374054, -7.011168241096263, -7.038573067372294, -6.996403218388127, -7.011517553604468, -6.988178492499683, -7.011893896432827]
[15.5, 8.5, 0.0, 0.0]:[-6.517526628562662, -6.470189228935279, -6.469525203607285, -6.480784755977148, -6.484075355764497, -6.495362160340015, -6.458433470980708]
[12.0, 9.5, 0.0, 1.0]:[-1.4828456253264908, -1.1770268276981866, -1.2676435125022232, -1.1554927245521505, -1.1840834610048323, -1.1571854963262904, -1.700153268182536]
[8.0, 8.5, 0.0, 0.0]:[-8.442836242189026, -8.484204229791297, -8.517774037145609, -8.474652315945756, -8.437356759127669, -8.503533725257661, -8.440303172480972]
[8.5, 9.0, 0.0, 0.0]:[-8.144264673791156, -8.140332743221595, -8.12910402420966, -8.181918636277993, -8.15675968496413, -8.153234186266445, -8.216611160798577]
[9.5, 8.5, 0.0, 0.0]:[-8.266043316543897, -8.25177379150758, -8.234007015208578, -8.22776628171912, -8.231010436026244, -8.258156541448548, -8.27272773267084]
[10.5, 9.0, 0.0, 0.0]:[-7.588459976194024, -7.520045986962768, -7.575214844825497, -7.58418103940609, -7.589419190705012, -7.525119200390555, -7.562321501486955]
[11.0, 9.5, 0.0, 0.0]:[-7.834318428567586, -7.759658142046297, -7.764806619391063, -7.795421914866401, -7.787037880428397, -7.79984718080115, -7.776784192922419]
[13.0, 11.0, 0.0, 1.0]:[-3.6125877786860396, -3.6260330586729532, -3.8897427129650626, -3.6833233178020324, -3.5891627999550906, -3.5605199700993677, -3.5938261000776897]
[11.5, 9.0, 0.0, 0.0]:[-7.6648068152504845, -7.707673786457313, -7.668734264699573, -7.67235573749921, -7.713980270097002, -7.686582038962079, -7.6934915355817886]
[14.5, 10.0, 0.0, 1.0]:[-3.424992715808962, -3.4181661325135173, -3.841025524424044, -3.632426743251576, -3.633922875030657, -3.4279587277129155, -3.5723000540720125]
[15.0, 10.0, 0.0, 1.0]:[-3.803326678430762, -4.0358514601098365, -3.8314874922796176, -3.6198496902626394, -3.657800422354504, -3.6620278145724194, -3.9337272775082015]
[14.0, 11.5, 0.0, 1.0]:[-4.794976430339006, -4.940699807581298, -4.75376261120409, -5.137479728118964, -5.0730143468902735, -5.117240207518007, -5.039258272562548]
[2.5, 11.5, 0.0, 1.0]:[-1.633671189383468, 0.19431114785529693, -1.8500497941314855, 0.117511924464472, -0.8478215080100462, -0.6669750724504353, 0.16952621815667546]
[2.0, 11.5, 0.0, 1.0]:[0.2347406501736417, -0.09565712944821508, -0.38061471365712024, 0.3715874399962344, -0.7268415772303172, -0.6945999237108009, -0.7689528069769667]
[16.0, 9.0, 0.0, 0.0]:[-6.546708451025825, -6.570461332596986, -6.568444035768103, -6.5660158482465505, -6.262590770659165, -6.512576314153343, -6.56580030924859]
[10.5, 11.5, 0.0, 1.0]:[-1.7387413663792908, -1.4340524195981725, -1.3529228064714618, -1.9226821474788265, -2.155143215867037, -1.7043415197690885, -1.496128505046796]
[5.0, 11.5, 0.0, 1.0]:[0.4475, 0.4475, 0.40025, 0.4475, 0.5, 0.5, 0.5]
[4.5, 11.5, 0.0, 1.0]:[0.35273750000000004, -0.6933108588063683, -0.8091545685827877, 0.40025, -0.5785494168906764, -0.7738308182934657, 0.3266590575323526]
[11.0, 9.0, 0.0, 0.0]:[-7.536029965010991, -7.519007636023434, -7.497968854389709, -7.48843351155948, -7.546872540434787, -7.52082103618575, -7.541513468175918]
[11.5, 11.5, 0.0, 1.0]:[-3.873499205471068, -3.7159829908797515, -3.4287734953101925, -3.707129470567112, -3.4989320905733745, -2.7957630170059224, -3.7113081321860704]
[12.0, 8.5, 0.0, 0.0]:[-7.233776696299622, -7.226680318473364, -7.228363439944651, -7.233446020424765, -7.236090059259103, -7.204931270911233, -7.22972087822017]
[15.0, 11.0, 0.0, 1.0]:[-4.602287558436213, -4.237730571558963, -4.221894676990388, -4.295174788238655, -4.268180495039262, -4.336824492135289, -4.267498523650542]
[15.5, 10.5, 0.0, 1.0]:[-4.047547644367201, -4.076904747325452, -4.113317107665075, -4.497894198322449, -4.277220337433027, -4.321532511087212, -4.3196211905110635]
[4.0, 11.5, 0.0, 1.0]:[-1.3122243735162142, 0.27843772629378255, 0.3853621878125, 0.44251250000000003, -0.7703593091704621, 0.433983875, 0.21406118600955418]
[12.0, 8.5, 0.0, 1.0]:[-2.0612519119538524, -1.775897306097522, -1.7077954204581856, -1.8419815092844676, -2.1770764553488138, -2.133847865264809, -1.810365041168919]
[11.5, 8.5, 0.0, 1.0]:[-1.4088281771816424, -1.3363477215464536, -1.2369247612687433, -1.0484546732817412, -0.9943642043503576, -1.1929385292924852, -0.8722883176093481]
[14.0, 11.0, 0.0, 1.0]:[-4.069570859718514, -4.279785404808457, -4.060285568459074, -4.296794056882941, -4.128587769303697, -4.148219435597197, -4.277014233405373]
[15.5, 10.0, 0.0, 1.0]:[-3.6946554960796965, -3.707864792261362, -3.9389733121551815, -3.9239681268028503, -3.7261738020922195, -3.6503526622583475, -3.654175058054122]
[3.5, 10.0, 0.0, 1.0]:[-1.013604684314801, -0.6256229319089559, -0.7614501751616827, -0.2291757486502291, -0.41246680281590525, -0.8163530458364399, -0.248482305391659]
[13.0, 10.5, 0.0, 1.0]:[-2.890851665994651, -2.8089137095902856, -3.1377220214326247, -2.9120818098148313, -3.28493598743153, -3.2279206132592755, -2.8696511301103116]
[13.0, 10.0, 0.0, 1.0]:[-2.7437712235307816, -2.6018123566606493, -2.6919710955949987, -2.9180814288037897, -3.000284749061887, -2.7078473826882705, -3.0248824159246737]
[16.5, 9.5, 0.0, 0.0]:[-1.8852016249100312, -1.6896238571342228, -1.455660851252631, -1.3794056026300305, -1.2703239762905176, -1.7825502485802731, -1.4097272021672125]
[14.0, 8.5, 0.0, 1.0]:[-3.3270467217257544, -3.121189779929788, -3.482337578546246, -3.1361591350311646, -3.4188526636700454, -3.133734691509443, -3.1309680580723205]
[15.0, 9.0, 0.0, 1.0]:[-3.6449503641799526, -3.8187720112589454, -3.877051864461439, -3.651056730504288, -3.859623697275378, -3.6484298543291365, -3.6057277755681625]
[15.0, 10.5, 0.0, 1.0]:[-4.038546709776222, -3.802886987442391, -3.912641067925574, -4.156682468842233, -4.093846063060693, -3.7925787092707757, -4.267876944678322]
[11.5, 11.0, 0.0, 1.0]:[-1.612095136290495, -1.461338332779603, -1.9349069954939466, -1.322363824127175, -1.226740414752346, -1.2160968330186617, -1.243053508405541]
[11.5, 10.5, 0.0, 1.0]:[-2.1164726979212403, -2.2324482062579745, -1.6921441301927596, -1.6878826719388669, -1.8394172187309943, -1.9805239215530661, -2.090312695323442]
[11.0, 10.0, 0.0, 1.0]:[-0.23976708566912514, -1.05507621267612, -0.9313534507377731, -0.22993025366184802, -0.9743518400318185, -1.452890974537306, -0.17462509430764347]
[10.5, 10.0, 0.0, 1.0]:[-0.2771347021521331, -0.8696774381554623, -0.3256425035828145, -0.5009847062006318, -1.0958535931660678, -0.931798767158108, -0.4081133443252562]
[10.0, 9.5, 0.0, 1.0]:[0.1395008133473161, -0.26529623480307135, 0.11879987231018282, -0.45166533234003314, -0.1428899961359476, 0.12424559429269727, -0.04871768929919379]
[9.5, 9.5, 0.0, 1.0]:[-0.14696849320960909, -0.19757043346351338, 0.3877625, 0.5, 0.5, 0.5, 0.5]
[11.0, 10.5, 0.0, 1.0]:[-0.0823721640889663, -0.287442570310883, -0.5003618747961242, -0.15286519108688537, -0.6744079668267443, -0.10195442689395251, -0.15489129093527243]
[3.5, 11.5, 0.0, 1.0]:[-1.50665677894013, -0.2311442587889347, 0.09097833691634152, -0.9378694077531976, -0.8300147756466887, -0.9760370962858229, 0.06330773526907113]
[14.0, 9.5, 0.0, 1.0]:[-3.1033138963002145, -3.088659535725656, -3.328626465245856, -3.122934859911179, -3.1311108008009167, -3.303660668015726, -3.2791886450500556]
[11.0, 11.0, 0.0, 1.0]:[-1.1042488676747304, -1.3414082532340321, -1.532973404403644, -0.83792146666769, -1.3090334449888115, -1.114456222036359, -0.8194707321809785]
[10.5, 10.5, 0.0, 1.0]:[-1.2907230051959968, -0.6517764204421663, -0.737972231733894, -0.47370745720809504, -1.224520552584724, -0.4551337787821283, -0.5590229116469764]
[10.0, 10.0, 0.0, 1.0]:[-0.47828717708809154, -0.2737905289804032, -1.5277454153856023, -0.5603612194294189, -0.19831195654528705, -0.14015902073696046, -0.4726215636184968]
[12.5, 9.0, 0.0, 1.0]:[-2.0538400484719723, -1.8984767560339901, -1.5459040223169, -2.0393240162033104, -2.261507095045571, -2.0031194723871164, -2.2402192728902817]
[13.0, 9.5, 0.0, 1.0]:[-2.4423429157979246, -2.1684215748804956, -2.6140564786727007, -2.6155198215717297, -2.0702310281883625, -2.4656269018784007, -2.076435763784782]
[16.0, 8.5, 0.0, 0.0]:[-5.8498414318592875, -6.395356067466091, -6.3667358921803565, -6.35995978310087, -6.385041680933911, -6.39254185603741, -6.356999867366752]
[14.5, 11.0, 0.0, 1.0]:[-4.101163208187851, -3.8932715916915956, -3.969665960701424, -3.878815971105964, -3.90770840230683, -4.035791317815155, -4.344291528259792]
[12.0, 9.0, 0.0, 1.0]:[-1.0871608880920784, -1.266159957990993, -1.4748921275679248, -1.0414896935469997, -1.599689404991882, -0.9610106457910708, -1.0197509519735821]
[14.5, 10.5, 0.0, 1.0]:[-4.120121894234151, -3.671509758050147, -3.86959575437733, -4.092263322872987, -3.8241139904449497, -3.6765394369463973, -4.1035724650580425]
[10.5, 9.5, 0.0, 1.0]:[-0.21801495016939815, -0.11907575743868579, -1.1415403443670693, -0.15656480484546254, -0.6687533090721524, -0.15503292767967053, -0.47688543675111006]
[11.5, 10.0, 0.0, 1.0]:[-1.2437578024810683, -1.724860099775373, -1.5267787108799804, -1.7110060893348336, -1.2450669816676865, -1.2615768561504719, -1.414072687221493]
[11.5, 9.5, 0.0, 1.0]:[-1.4117471460903197, -1.5606968234415146, -1.193138319956058, -1.1182711474611218, -1.446632627450912, -1.7159010268153478, -1.7177433656906853]
[11.0, 11.5, 0.0, 1.0]:[-2.19516460687152, -2.623041238437803, -2.484714835016526, -2.2236553418966825, -2.5195178493771215, -2.293309291822305, -2.305671784022911]
[1.5, 10.5, 0.0, 1.0]:[0.40025, 0.40025, 0.4475, 0.4475, 0.4475, 0.4475, -0.04627562951298937]
[16.0, 9.0, 0.0, 1.0]:[-3.496187524045044, -3.503721555179246, -3.374910492048054, -3.695441226011291, -3.2644552006993157, -3.62765758414825, -3.6390667795951597]
[10.0, 11.5, 0.0, 1.0]:[-1.5444050096066881, -2.164207193238229, -0.8514616369234005, -1.5117227908228132, -1.237513594274799, -1.6122991136283127, -0.7876264160851312]
[17.0, 10.5, 0.0, 1.0]:[0.3975, 0.4475, 0.44251250000000003, 0.3975, 0.4475, 0.5, 0.5]
[17.0, 9.5, 0.0, 0.0]:[0.5, 0.5, 0.5, 0.5, 0.5, 0.3975, 0.5]
[17.5, 10.0, 0.0, 0.0]:[0.30525, 0.3975, 0.3975, 0.30525, 0.4475, 0.5, 0.5]
[18.0, 10.5, 0.0, 0.0]:[0.21346125000000005, 0.3975, 0.3877625, 0.3975, 0.3975, 0.5, 0.3975]
[18.5, 11.0, 0.0, 0.0]:[0.3975, 0.5, 0.5, 0.3975, 0.5, 0.3975, 0.5]
[19.0, 11.5, 0.0, 0.0]:[0.2955125, 0.3975, 0.30525, 0.3975, 0.3975, 0.3877625, 0.3975]
[18.5, 11.5, 0.0, 0.0]:[0.28674875, 0.2955125, 0.22222500000000006, 0.21248750000000005, 0.30525, 0.2858236875, 0.2955125]
[18.0, 11.5, 0.0, 0.0]:[0.2955125, 0.2955125, 0.2955125, 0.21248750000000005, 0.30525, 0.2955125, 0.30525]
[17.5, 11.5, 0.0, 0.0]:[0.30525, 0.2955125, 0.2955125, 0.2955125, 0.3975, 0.3975, 0.3975]
[17.5, 11.0, 0.0, 0.0]:[0.5, 0.5, 0.5, 0.30525, 0.5, 0.3975, 0.5]
[18.5, 10.0, 0.0, 0.0]:[0.2955125, 0.2955125, 0.3975, 0.30525, 0.3975, 0.22222500000000006, 0.28674875]
[18.5, 10.5, 0.0, 0.0]:[0.3877625, 0.5, 0.5, 0.5, 0.5, 0.22222500000000006, 0.5]
[19.5, 11.5, 0.0, 0.0]:[0.30525, 0.2955125, 0.30525, 0.2955125, 0.30525, 0.30525, 0.3975]
[19.5, 11.0, 0.0, 0.0]:[0.3975, 0.3975, 0.5, 0.3975, 0.5, 0.5, 0.5]
[20.0, 10.5, 0.0, 0.0]:[0.5, 0.3975, 0.5, 0.5, 0.5, 0.3975, 0.5]
[20.0, 10.0, 0.0, 0.0]:[0.3975, 0.3975, 0.3975, 0.3975, 0.3975, 0.3975, 0.30525]
[19.5, 10.0, 0.0, 0.0]:[0.30525, 0.20372375000000004, 0.2955125, 0.2955125, 0.30525, 0.2955125, 0.3975]
[20.5, 10.0, 0.0, 0.0]:[0.3975, 0.3975, 0.3975, 0.3975, 0.3975, 0.5, 0.5]
[21.0, 10.0, 0.0, 0.0]:[0.3975, 0.3975, 0.3975, 0.3975, 0.5, 0.5, 0.5]
[19.0, 10.0, 0.0, 0.0]:[0.3975, 0.30525, 0.3975, 0.3877625, 0.30525, 0.5, 0.5]
[18.0, 10.0, 0.0, 0.0]:[0.02844875000000005, 0.11142506250000003, 0.12213144375000003, 0.19403493750000003, 0.19403493750000003, 0.11239394375000006, 0.19403493750000003]
[17.5, 10.5, 0.0, 0.0]:[0.3975, 0.4475, 0.3975, 0.5, 0.5, 0.5, 0.5]
[13.0, 8.5, 0.0, 1.0]:[-2.598658030636027, -2.412007643823453, -2.21834696820125, -2.224132447022945, -2.189944317828664, -2.506273615465042, -2.486279275867028]
[16.0, 8.5, 0.0, 1.0]:[-3.677042374280603, -3.6927754260528873, -3.707813370971611, -3.6984751678615506, -3.6859951191389344, -3.827465621210346, -3.7000932380113603]
[11.0, 9.5, 0.0, 1.0]:[-0.24010198097731408, -0.7501385896490868, -0.23827420907561453, -0.2962294319269221, -0.5114381210875705, -0.8528631156823226, -0.575045002780428]
[1.5, 11.0, 0.0, 1.0]:[0.4475, -0.6205074791857592, -0.5735728387263561, -0.2969904295361276, -0.20808010800489757, -0.6884756887185863, 0.357725]
[1.0, 10.5, 0.0, 1.0]:[0.4475, 0.4475, 0.4475, 0.4475, 0.4475, 0.5, 0.5]
[0.5, 11.0, 0.0, 1.0]:[0.5, 0.5, 0.5, 0.5, 0.5, 0.5, 0.0378327478623352]
[10.5, 11.0, 0.0, 1.0]:[-0.6137734952484769, -0.3193309472377127, -0.19918875787036153, -0.88676623911708, -0.35918740312337216, -0.03499946964920236, -0.2666180627955192]
[17.5, 10.0, 0.0, 1.0]:[0.34824875000000005, 0.3952625, 0.3952625, 0.3975, 0.35025, 0.4475, 0.3975]
[10.0, 9.0, 0.0, 1.0]:[0.33693792528125005, 0.26431716229794444, 0.40025, 0.44251250000000003, 0.40025, -0.08951840038438853, -0.020456879341331724]
[12.5, 8.5, 0.0, 1.0]:[-2.1199526950563685, -2.143232781276639, -2.6466587876527075, -2.261731876559493, -2.376622154885804, -2.5861303331183008, -2.2081834810157197]
[3.5, 9.5, 0.0, 1.0]:[-1.0200318896634393, 0.1498460953209688, -0.4325262014211655, -0.5649105333937983, -0.796828040214362, -0.31011619364639403, -0.35665372876681756]
[3.0, 9.5, 0.0, 1.0]:[-0.05823299382359898, -0.3251275280438423, 0.35273750000000004, -0.41987670441740693, 0.3952625, 0.38091821309375, 0.37732520562500005]
[9.5, 11.0, 0.0, 1.0]:[0.24833591343915534, -0.9478923752699958, -0.25102451079901306, -0.25086059647668885, -0.3954780619195603, -0.5821795110306551, -0.5822932736615649]
[10.0, 10.5, 0.0, 1.0]:[-0.3773805020039773, -0.48642448865955124, 0.1953589410929955, 0.01087240070434098, -0.272147637287062, -0.5398496578457963, 0.3067842042826421]
[17.0, 11.0, 0.0, 0.0]:[0.30525, 0.3975, 0.24858971924005466, 0.5, 0.5, 0.14750250000000004, 0.5]
[11.5, 9.0, 0.0, 1.0]:[-1.0622616928597097, -1.1449880555647796, -1.538430097652253, -1.749127037603906, -1.3414389353516067, -1.5024742943121, -1.1747710425763929]
[11.0, 9.0, 0.0, 1.0]:[-0.441201450326243, -0.9939405929205225, -0.893617275183708, -0.3412854528336082, -0.33557274439963136, -0.5184153986878981, -0.6498292018235761]
[10.5, 8.5, 0.0, 1.0]:[0.40025, 0.4475, 0.40025, 0.44251250000000003, -0.15991345642552698, 0.4475, 0.3025005473726434]
[10.0, 8.5, 0.0, 1.0]:[-0.553949207949855, 0.005897189294918281, -0.13160312949934688, 0.34120217068387076, -0.29528764257954493, -0.14730856400951725, -0.37002626803410305]
[3.5, 10.5, 0.0, 1.0]:[-1.9378914447671827, -0.2361382963932729, -0.4292022935232421, -0.8299359173328156, -0.6909460212873966, -1.2532625806712283, -1.1967798769700664]
[10.0, 11.0, 0.0, 1.0]:[-0.5964840846578102, -0.6299661851350512, -1.0302287353671034, -0.5153490298761572, -0.42854530311969696, -0.4132120632539128, -0.9817528865360701]
[3.5, 11.0, 0.0, 1.0]:[-0.19602794957126451, 0.3330356312390703, -0.5234257002164231, -0.7088078675622329, 0.3806830256497521, -0.6561484110992932, 0.3952625]
[5.5, 10.5, 0.0, 1.0]:[-0.5166303961193697, 0.4475, 0.5, 0.09736573833715917, 0.5, 0.5, 0.5]
[10.5, 9.0, 0.0, 1.0]:[0.10482280077435219, 0.16611379625707023, 0.30997625000000006, -0.10985068653033014, -0.444502900544374, -0.0967527443002073, -0.08515629675198794]
[2.0, 11.0, 0.0, 1.0]:[-0.6370476791885729, -0.6121698114218628, 0.40025, 0.4475, 0.4475, 0.4475, 0.4475]
[1.5, 11.5, 0.0, 1.0]:[-0.4017207447753323, -0.1582118096657656, -0.6932828397802022, 0.4475, 0.40025, 0.4475, 0.4475]
[3.0, 10.5, 0.0, 1.0]:[-4.220408018649073, -1.3485557419522003, -1.5265562395666827, -1.7096993553647692, -1.2931577004610157, -0.7075008645249417, -1.2717757947124724]
[2.5, 10.5, 0.0, 1.0]:[-1.0551690636852273, 0.3064575687500001, -0.2887678231058448, 0.2572364016860938, -0.4002258187075804, -0.5980669499776166, -0.6322253150452755]
[2.0, 10.0, 0.0, 1.0]:[-0.5697622941359803, -1.3463773421598344, -0.655658481491598, 0.5, 0.5, 0.4475, 0.5]
[16.0, 8.0, 0.0, 0.0]:[0.3975, 0.3975, 0.34618900183575, 0.18521679567878707, 0.5, 0.5, 0.3975]
[9.5, 10.5, 0.0, 1.0]:[0.10273661125701589, -0.2198351345360528, -0.3206152042018329, -0.16532477340727397, 0.5, 0.5, 0.5]
[9.5, 11.5, 0.0, 1.0]:[-1.2572982253905671, -1.1263935263671985, -1.3117409641255073, -0.4783199929256296, -1.0205142991460008, -0.4202982882851109, -0.44739889367262137]
[4.5, 11.0, 0.0, 1.0]:[-0.39349763583251324, 0.39077375, 0.4475, 0.4475, -0.7172326925658363, 0.4475, -0.6662050906006165]
[4.0, 11.0, 0.0, 1.0]:[-0.30128514055215444, 0.44251250000000003, 0.44251250000000003, 0.44251250000000003, 0.5, 0.4475, 0.4475]
[3.0, 10.0, 0.0, 1.0]:[-0.3605171168547289, -0.2151010871187698, -0.675430767565115, -0.7118707185215698, -0.8802648958351909, 0.18849286744360605, -0.40456728017468896]
[2.5, 10.0, 0.0, 1.0]:[-0.4604508679001425, 0.4475, 0.4475, 0.4475, 0.4475, 0.4262638322541374, 0.4475]
[2.5, 9.5, 0.0, 1.0]:[-0.30498851270204014, -0.22518065096781065, 0.40025, 0.4475, -0.46431260612851827, 0.4475, -0.490181833387846]
[11.0, 8.5, 0.0, 1.0]:[-0.3347530211690263, -0.885984866375639, -0.7684578545636745, -0.9536846085093409, -1.091833292760499, -0.82276495910513, -1.0402400255301534]
[2.5, 9.0, 0.0, 1.0]:[-0.3183621625440956, -0.31488517676790456, 0.5, 0.5, 0.5, 0.5, -0.315985211283251]
[1.5, 9.5, 0.0, 1.0]:[0.40025, -0.35395653582750136, 0.4475, -0.36060398042653014, 0.4475, 0.4475, 0.4475]
[3.5, 9.0, 0.0, 1.0]:[-0.31901697492353104, 0.3952625, -0.27684866944121117, -0.43962050902880917, -0.5138632837108283, -0.6607261108438891, -0.5523991496931977]
[2.0, 9.0, 0.0, 1.0]:[-0.3272556378294979, -0.5330887695223834, 0.5, 0.5, 0.5, 0.5, 0.5]
[4.5, 9.5, 0.0, 1.0]:[-0.27550352814906587, -0.11952917827015724, 0.3952625, -0.3312101265514063, 0.4475, 0.4475, -0.5602657575411596]
[5.0, 9.5, 0.0, 1.0]:[-0.30339124730623296, 0.4475, 0.4475, 0.4475, 0.4475, -0.5298150564053348, 0.5]
[5.5, 9.0, 0.0, 1.0]:[0.4475, -0.46308556619206404, 0.5, 0.5, 0.5, -0.6865400014397025, 0.5]
[4.5, 9.0, 0.0, 1.0]:[-0.04931214120826022, 0.4475, -0.06544525840016308, 0.4475, 0.4475, 0.5, -0.29082482671527704]
[2.5, 11.0, 0.0, 1.0]:[-0.40824285905656094, 0.44251250000000003, 0.4475, -0.6743129581586649, 0.5, 0.5, 0.5]
[0.5, 10.0, 0.0, 1.0]:[0.4475, 0.5, 0.5, -0.6160725249706087, 0.5, 0.4475, 0.5]
[0.0, 10.0, 0.0, 1.0]:[0.5, 0.5, 0.5, 0.5, 0.5, 0.5, 0.4475]
[0.0, 10.5, 0.0, 1.0]:[-0.4014134436841655, -0.3881069647204424, 0.5, 0.5, 0.5, 0.5, 0.5]
[4.5, 10.5, 0.0, 1.0]:[0.4475, 0.4475, 0.4475, 0.4475, 0.4475, 0.4475, 0.4475]
[5.0, 10.0, 0.0, 1.0]:[0.4475, 0.4475, 0.4475, 0.4475, 0.5, 0.5, 0.5]
[4.0, 9.5, 0.0, 1.0]:[-0.7455106636848037, -0.13216765366360825, -0.6365006131811421, -0.4094809475361278, 0.4475, 0.4475, -0.5423660355220654]
[5.0, 9.0, 0.0, 1.0]:[-0.10589452388572523, -0.30098083222491684, 0.5, 0.5, 0.5, 0.5, 0.5]
[0.5, 11.5, 0.0, 1.0]:[0.5, 0.5, 0.5, 0.5, 0.5, 0.4475, 0.5]
[0.0, 11.5, 0.0, 1.0]:[0.40025, 0.4475, 0.5, 0.5, 0.5, 0.5, 0.4475]
[4.0, 10.5, 0.0, 1.0]:[0.40025, 0.40025, 0.36159097576461985, 0.40025, 0.40025, 0.40025, -0.43707035314617576]
[5.5, 9.5, 0.0, 1.0]:[-0.13281024832092353, 0.4475, 0.5, 0.5, 0.5, 0.5, 0.5]
[4.5, 10.0, 0.0, 1.0]:[0.4475, -0.6142534379717588, 0.44251250000000003, 0.4475, 0.5, 0.5, 0.4475]
[3.0, 9.0, 0.0, 1.0]:[-0.42008170412809137, 0.4475, -0.3792509393731713, -0.4247163075009254, 0.5, 0.5, 0.5]
[17.0, 10.0, 0.0, 1.0]:[0.4475, 0.3975, 0.14984997218477464, 0.4475, 0.14984997218477464, 0.4475, 0.44251250000000003]
[19.0, 10.5, 0.0, 0.0]:[0.5, 0.5, 0.5, 0.3975, 0.3975, 0.5, 0.5]
[19.5, 10.5, 0.0, 0.0]:[0.3877625, 0.5, 0.5, 0.5, 0.5, 0.5, 0.3975]
[20.5, 10.5, 0.0, 0.0]:[0.3975, 0.3975, 0.3975, 0.5, 0.5, 0.5, 0.5]
[21.0, 11.0, 0.0, 0.0]:[0.3975, 0.5, 0.5, 0.5, 0.5, 0.5, 0.5]
[21.5, 11.0, 0.0, 0.0]:[0.5, 0.5, 0.5, 0.5, 0.3975, 0.5, 0.5]
[21.5, 11.5, 0.0, 0.0]:[0.3975, 0.5, 0.5, 0.5, 0.5, 0.5, 0.5]
[22.0, 12.0, 0.0, 0.0]:[0.5, 0.3975, 0.5, 0.5, 0.5, 0.5, 0.5]
[22.0, 12.5, 0.0, 0.0]:[0.3975, 0.5, 0.5, 0.5, 0.5, 0.5, 0.5]
[22.0, 13.0, 0.0, 0.0]:[0.30525, 0.3975, 0.3975, 0.5, 0.3975, 0.5, 0.3975]
[22.0, 13.5, 0.0, 0.0]:[0.3975, 0.3975, 0.3975, 0.5, 0.5, 0.5, 0.3975]
[22.0, 14.0, 0.0, 0.0]:[0.5, 0.5, 0.5, 0.5, 0.3975, 0.5, 0.5]
[22.0, 14.5, 0.0, 0.0]:[0.5, 0.5, 0.3975, 0.5, 0.5, 0.5, 0.5]
[21.5, 15.0, 0.0, 0.0]:[0.3975, 0.5, 0.5, 0.5, 0.5, 0.5, 0.5]
[21.5, 15.5, 0.0, 0.0]:[0.3975, 0.5, 0.5, 0.5, 0.5, 0.5, 0.5]
[21.0, 16.0, 0.0, 0.0]:[0.3975, 0.3975, 0.3975, 0.5, 0.5, 0.5, 0.5]
[21.0, 16.5, 0.0, 0.0]:[0.3975, 0.30525, 0.3975, 0.5, 0.5, 0.5, 0.5]
[21.0, 17.0, 0.0, 0.0]:[0.3975, 0.3975, 0.5, 0.5, 0.5, 0.5, 0.5]
[21.0, 17.5, 0.0, 0.0]:[0.3975, 0.5, 0.5, 0.5, 0.5, 0.5, 0.5]
[5.5, 11.5, 0.0, 1.0]:[-0.31712289460227844, 0.4475, 0.4475, -0.6856118954202777, -0.6949813164571852, 0.4475, 0.5]
[1.0, 11.0, 0.0, 1.0]:[0.5, 0.5, 0.5, 0.5, 0.4475, 0.5, 0.5]
[0.5, 10.5, 0.0, 1.0]:[0.4475, 0.5, 0.5, 0.5, 0.5, 0.5, 0.5]
[5.0, 10.5, 0.0, 1.0]:[-0.36277161099865546, 0.4475, 0.44251250000000003, 0.5, 0.4475, 0.5, 0.5]
[5.5, 11.0, 0.0, 1.0]:[-0.4911623479384691, 0.4475, -0.32425361073109277, 0.5, 0.5, 0.5, 0.5]
[2.0, 9.5, 0.0, 1.0]:[-0.5016805485547708, -0.30642588301617496, 0.4475, -0.4663069271031502, 0.5, 0.5, 0.5]
[9.5, 9.0, 0.0, 1.0]:[-0.07820535694918745, -0.19450611980247995, -0.25256983551897244, -0.21356239190407172, -0.35485265992441556, 0.5, 0.5]
[4.0, 10.0, 0.0, 1.0]:[0.40025, 0.40025, 0.3616664582309375, 0.3952625, 0.429964199375, 0.40025, -0.3560539464851569]
[18.0, 10.0, 0.0, 1.0]:[0.4475, 0.4475, 0.3975, 0.5, 0.5, 0.5, 0.5]
[18.5, 10.0, 0.0, 1.0]:[0.4475, 0.5, 0.5, 0.5, 0.5, 0.5, 0.5]
[19.0, 10.0, 0.0, 1.0]:[0.5, 0.5, 0.5, 0.3975, 0.5, 0.5, 0.5]
[18.0, 11.0, 0.0, 0.0]:[0.3975, 0.3975, 0.3975, 0.3975, 0.3975, 0.3975, 0.5]
[20.0, 11.5, 0.0, 0.0]:[0.3975, 0.3975, 0.3975, 0.3975, 0.3975, 0.5, 0.30525]
[20.5, 11.5, 0.0, 0.0]:[0.3975, 0.3975, 0.3975, 0.3975, 0.5, 0.5, 0.5]
[21.0, 11.5, 0.0, 0.0]:[0.3975, 0.5, 0.5, 0.5, 0.5, 0.5, 0.5]
[21.5, 12.0, 0.0, 0.0]:[0.3975, 0.5, 0.5, 0.5, 0.5, 0.5, 0.5]
[21.5, 12.5, 0.0, 0.0]:[0.3975, 0.3975, 0.3975, 0.5, 0.5, 0.5, 0.5]
[22.5, 13.5, 0.0, 0.0]:[0.3975, 0.5, 0.3975, 0.5, 0.5, 0.5, 0.5]
[23.0, 13.5, 0.0, 0.0]:[0.5, 0.5, 0.5, 0.5, 0.3975, 0.5, 0.5]
[23.0, 13.0, 0.0, 0.0]:[0.3975, 0.5, 0.5, 0.5, 0.5, 0.5, 0.5]
[23.0, 12.5, 0.0, 0.0]:[0.5, 0.5, 0.5, 0.3975, 0.5, 0.5, 0.5]
[23.0, 12.0, 0.0, 0.0]:[0.3975, 0.5, 0.5, 0.3975, 0.5, 0.5, 0.5]
[23.0, 11.5, 0.0, 0.0]:[0.3975, 0.3975, 0.5, 0.5, 0.5, 0.5, 0.5]
[23.0, 11.0, 0.0, 0.0]:[0.3975, 0.5, 0.3975, 0.5, 0.5, 0.5, 0.5]
[22.5, 10.5, 0.0, 0.0]:[0.3975, 0.30525, 0.5, 0.3975, 0.5, 0.5, 0.3975]
[22.0, 10.5, 0.0, 0.0]:[0.3975, 0.5, 0.5, 0.3975, 0.5, 0.5, 0.5]
[23.0, 10.5, 0.0, 0.0]:[0.3975, 0.3975, 0.3975, 0.5, 0.5, 0.5, 0.30525]
[22.5, 11.0, 0.0, 0.0]:[0.3975, 0.3975, 0.5, 0.5, 0.5, 0.5, 0.3975]
[22.5, 11.5, 0.0, 0.0]:[0.3975, 0.5, 0.5, 0.5, 0.5, 0.5, 0.3975]
[22.5, 12.0, 0.0, 0.0]:[0.3975, 0.5, 0.5, 0.5, 0.5, 0.5, 0.5]
[22.5, 12.5, 0.0, 0.0]:[0.3975, 0.3975, 0.5, 0.5, 0.5, 0.5, 0.5]
[22.5, 13.0, 0.0, 0.0]:[0.5, 0.5, 0.5, 0.5, 0.5, 0.3975, 0.5]
[21.5, 14.0, 0.0, 0.0]:[0.5, 0.5, 0.3975, 0.5, 0.5, 0.5, 0.5]
[21.0, 14.5, 0.0, 0.0]:[0.3975, 0.3975, 0.5, 0.5, 0.5, 0.5, 0.5]
[20.5, 15.0, 0.0, 0.0]:[0.5, 0.5, 0.5, 0.5, 0.3975, 0.5, 0.5]
[20.0, 15.5, 0.0, 0.0]:[0.3975, 0.3975, 0.3975, 0.3975, 0.3975, 0.3975, 0.5]
[20.5, 15.5, 0.0, 0.0]:[0.3975, 0.5, 0.5, 0.5, 0.5, 0.5, 0.5]
[21.5, 16.5, 0.0, 0.0]:[0.3975, 0.5, 0.5, 0.5, 0.5, 0.5, 0.5]
[22.0, 17.0, 0.0, 0.0]:[0.3975, 0.5, 0.5, 0.5, 0.5, 0.5, 0.5]
[22.0, 17.5, 0.0, 0.0]:[0.3975, 0.5, 0.5, 0.5, 0.5, 0.5, 0.5]
[22.5, 17.5, 0.0, 0.0]:[0.3975, 0.5, 0.5, 0.5, 0.5, 0.5, 0.5]
[23.0, 17.5, 0.0, 0.0]:[0.5, 0.5, 0.5, 0.5, 0.5, 0.3975, 0.5]
[4.0, 9.0, 0.0, 1.0]:[-0.22203254141896206, 0.4475, -0.41751463407387196, -0.4618903966235825, 0.5, 0.5, 0.5]
[2.0, 10.5, 0.0, 1.0]:[-0.6034294097116746, 0.4475, -0.601502534224402, 0.4475, 0.4475, 0.5, 0.4475]
[1.5, 9.0, 0.0, 1.0]:[0.4475, 0.4475, -0.557892202677003, -0.44842263235051477, 0.5, 0.5, 0.5]
[1.0, 9.0, 0.0, 1.0]:[-0.347732302447097, 0.4475, -0.4990510755901408, -0.5768986093539958, 0.5, 0.5, 0.5]
[1.0, 10.0, 0.0, 1.0]:[0.4475, -0.5313830443507848, 0.4475, 0.5, 0.4475, -0.40499787901419143, 0.5]
[5.5, 10.0, 0.0, 1.0]:[0.4475, -0.6416312198081593, 0.5, 0.5, 0.5, 0.5, 0.5]
[0.0, 9.5, 0.0, 1.0]:[-0.4894860832534153, 0.5, 0.5, 0.5, 0.5, 0.5, -0.6067932933050464]
[17.0, 10.0, 0.0, 0.0]:[-0.26594435964709734, 0.5, 0.5, 0.5, 0.4475, 0.5, 0.5]
[21.5, 10.0, 0.0, 0.0]:[0.3975, 0.5, 0.5, 0.5, 0.5, 0.5, 0.5]
[22.0, 10.0, 0.0, 0.0]:[0.3975, 0.3975, 0.3975, 0.5, 0.5, 0.5, 0.5]
[21.5, 10.5, 0.0, 0.0]:[0.3975, 0.5, 0.5, 0.5, 0.5, 0.5, 0.5]
[21.0, 10.5, 0.0, 0.0]:[0.3975, 0.5, 0.5, 0.5, 0.5, 0.5, 0.5]
[20.5, 11.0, 0.0, 0.0]:[0.5, 0.5, 0.5, 0.5, 0.5, 0.3975, 0.5]
[19.0, 11.0, 0.0, 0.0]:[0.3975, 0.5, 0.5, 0.3975, 0.5, 0.5, 0.5]
[9.5, 8.5, 0.0, 1.0]:[-0.2906110238524074, 0.5, 0.5, 0.5, 0.5, 0.5, 0.5]
[20.0, 11.0, 0.0, 0.0]:[0.3975, 0.5, 0.5, 0.5, 0.5, 0.5, 0.5]
[21.0, 12.0, 0.0, 0.0]:[0.3975, 0.5, 0.5, 0.5, 0.5, 0.5, 0.5]
[21.0, 13.0, 0.0, 0.0]:[0.3975, 0.5, 0.5, 0.5, 0.5, 0.5, 0.5]
[20.5, 13.5, 0.0, 0.0]:[0.3975, 0.3975, 0.3975, 0.3975, 0.5, 0.5, 0.5]
[20.0, 14.0, 0.0, 0.0]:[0.3975, 0.3975, 0.3975, 0.3975, 0.3975, 0.5, 0.5]
[20.0, 14.5, 0.0, 0.0]:[0.3975, 0.3975, 0.5, 0.5, 0.5, 0.5, 0.5]
[20.0, 15.0, 0.0, 0.0]:[0.3975, 0.3975, 0.5, 0.5, 0.5, 0.5, 0.5]
[21.0, 13.5, 0.0, 0.0]:[0.3975, 0.3975, 0.5, 0.5, 0.5, 0.3975, 0.5]
[21.5, 13.5, 0.0, 0.0]:[0.3975, 0.5, 0.5, 0.5, 0.5, 0.5, 0.5]
[21.5, 13.0, 0.0, 0.0]:[0.3975, 0.5, 0.5, 0.5, 0.5, 0.5, 0.5]
[21.0, 14.0, 0.0, 0.0]:[0.3975, 0.5, 0.5, 0.5, 0.5, 0.5, 0.5]
[21.0, 15.0, 0.0, 0.0]:[0.3975, 0.5, 0.5, 0.5, 0.5, 0.5, 0.5]
[21.0, 15.5, 0.0, 0.0]:[0.3975, 0.5, 0.5, 0.5, 0.5, 0.5, 0.5]
[21.0, 18.0, 0.0, 0.0]:[0.3975, 0.5, 0.5, 0.5, 0.5, 0.5, 0.5]
[21.0, 18.5, 0.0, 0.0]:[0.3975, 0.5, 0.5, 0.5, 0.5, 0.5, 0.5]
[21.0, 19.0, 0.0, 0.0]:[0.3975, 0.5, 0.5, 0.5, 0.5, 0.5, 0.5]
[21.0, 19.5, 0.0, 0.0]:[0.3975, 0.5, 0.5, 0.5, 0.5, 0.5, 0.5]
[21.0, 20.0, 0.0, 0.0]:[0.3975, 0.5, 0.5, 0.5, 0.5, 0.5, 0.5]
[21.0, 20.5, 0.0, 0.0]:[-499.5025, 0.5, 0.5, 0.5, 0.5, 0.5, 0.5]
[9.5, 10.0, 0.0, 1.0]:[-0.3969434785630989, -0.5164648594536883, 0.5, 0.5, 0.5, 0.5, 0.5]
[0.5, 9.5, 0.0, 1.0]:[0.4475, 0.5, 0.5, 0.5, 0.5, 0.5, 0.5]
[2.0, 8.5, 0.0, 1.0]:[0.5, 0.5, 0.5, 0.4475, 0.5, 0.5, 0.5]
[2.5, 8.5, 0.0, 1.0]:[-0.6939286245357563, 0.5, 0.5, 0.5, 0.5, 0.5, 0.5]
[1.0, 9.5, 0.0, 1.0]:[0.4475, 0.4475, -0.5712562694565078, 0.5, 0.5, 0.5, 0.5]
[1.5, 10.0, 0.0, 1.0]:[0.4475, 0.5, 0.5, 0.5, 0.5, 0.5, 0.5]
[5.0, 11.0, 0.0, 1.0]:[0.4475, -0.6974871029850311, -0.7193999873698136, 0.5, 0.5, 0.5, 0.5]
