[(3.0, 11.5), [True]]:[0.0, 0.0, 0.0, 0.0, 0.0, 0.0, 0.0]
[(3.5, 11.5), [True]]:[0.0, 0.0, 0.0, 0.0, 0.0, 0.0, 0.0]
[(4.0, 11.5), [True]]:[0.0, 0.0, 0.0, -4999.999999999593, 0.0, -4744.992264387551, -4600.91711408021]
[(4.75, 11.0), [True]]:[-159.92573559846696, -49.2385451091806, 0.0, 0.0, -80.01139099943026, -1421.1685589631834, -295.245]
[(4.0, 10.5), [True]]:[0.0, 0.0, 0.0, -24.14772416173924, 0.0, 0.0, 0.0]
[(3.5, 10.0), [True]]:[0.0, 0.0, 0.0, 0.0, 0.0, 0.0, 0.0]
[(4.0, 9.75), [True]]:[0.0, 0.0, 0.0, 0.0, 0.0, 0.0, 0.0]
[(4.0, 9.5), [True]]:[0.0, 0.0, 0.0, 0.0, 0.0, 0.0, 0.0]
[(2.5, 11.5), [True]]:[0.0, 0.0, 0.0, 0.0, 0.0, 0.0, 0.0]
[(2.0, 12.0), [True]]:[0.0, 0.0, 0.0, 0.0, 0.0, 0.0, 0.0]
[(2.0, 12.5), [True]]:[0.0, 0.0, 0.0, 0.0, 0.0, 0.0, 0.0]
[(2.0, 13.25), [True]]:[0.0, 0.0, 0.0, 0.0, 0.0, 0.0, 0.0]
[(2.0, 13.75), [True]]:[0.0, 0.0, 0.0, 0.0, 0.0, 0.0, 0.0]
[(2.0, 14.5), [True]]:[0.0, 0.0, 0.0, 0.0, 0.0, 0.0, 0.0]
[(2.0, 15.0), [True]]:[0.0, 0.0, 0.0, 0.0, 0.0, 0.0, 0.0]
[(2.0, 15.75), [True]]:[0.0, 0.0, 0.0, 0.0, 0.0, 0.0, 0.0]
[(2.0, 16.25), [True]]:[0.0, 0.0, 0.0, 0.0, 0.0, 0.0, 0.0]
[(2.0, 17.0), [True]]:[0.0, 0.0, 0.0, 0.0, 0.0, 0.0, 0.0]
[(2.0, 17.5), [True]]:[0.0, 0.0, 0.0, 0.0, 0.0, 0.0, 0.0]
[(2.5, 18.25), [True]]:[0.0, 0.0, 0.0, 0.0, 0.0, 0.0, 0.0]
[(3.0, 18.75), [True]]:[0.0, 0.0, 0.0, 0.0, 0.0, 0.0, 0.0]
[(3.5, 19.25), [True]]:[0.0, 0.0, 0.0, 0.0, 0.0, 0.0, 0.0]
[(4.0, 19.5), [True]]:[0.0, 0.0, 0.0, 0.0, 0.0, 0.0, 0.0]
[(4.75, 19.5), [True]]:[0.0, 0.0, 0.0, 0.0, 0.0, 0.0, 0.0]
[(5.25, 19.5), [True]]:[0.0, 0.0, 0.0, 0.0, 0.0, 0.0, 0.0]
[(5.75, 19.5), [True]]:[0.0, 0.0, 0.0, 0.0, 0.0, 0.0, 0.0]
[(6.25, 19.5), [True]]:[0.0, 0.0, 0.0, 0.0, 0.0, 0.0, 0.0]
[(6.75, 19.0), [True]]:[0.0, 0.0, 0.0, 0.0, 0.0, 0.0, 0.0]
[(6.25, 18.5), [True]]:[0.0, 0.0, 0.0, 0.0, 0.0, 0.0, 0.0]
[(5.75, 18.75), [True]]:[0.0, 0.0, 0.0, 0.0, 0.0, 0.0, 0.0]
[(5.25, 19.25), [True]]:[0.0, 0.0, 0.0, 0.0, 0.0, 0.0, 0.0]
[(6.75, 19.5), [True]]:[0.0, 0.0, 0.0, 0.0, 0.0, 0.0, 0.0]
[(7.25, 20.25), [True]]:[0.0, 0.0, 0.0, 0.0, 0.0, 0.0, 0.0]
[(7.75, 20.5), [True]]:[0.0, 0.0, 0.0, 0.0, 0.0, 0.0, 0.0]
[(8.5, 20.5), [True]]:[0.0, 0.0, 0.0, 0.0, 0.0, 0.0, 0.0]
[(9.0, 20.5), [True]]:[0.0, 0.0, 0.0, 0.0, 0.0, 0.0, 0.0]
[(9.5, 20.5), [True]]:[0.0, 0.0, 0.0, 0.0, 0.0, 0.0, 0.0]
[(10.0, 20.5), [True]]:[0.0, 0.0, 0.0, 0.0, 0.0, 0.0, 0.0]
[(10.5, 20.5), [True]]:[0.0, 0.0, 0.0, 0.0, 0.0, 0.0, 0.0]
[(11.0, 20.5), [True]]:[0.0, 0.0, 0.0, 0.0, 0.0, 0.0, 0.0]
[(11.5, 20.5), [True]]:[0.0, 0.0, 0.0, 0.0, 0.0, 0.0, 0.0]
[(12.0, 20.0), [True]]:[0.0, 0.0, 0.0, 0.0, 0.0, 0.0, 0.0]
[(12.75, 19.5), [True]]:[0.0, 0.0, 0.0, 0.0, 0.0, 0.0, 0.0]
[(13.25, 19.0), [True]]:[0.0, 0.0, 0.0, 0.0, 0.0, 0.0, 0.0]
[(13.75, 18.75), [True]]:[0.0, 0.0, 0.0, 0.0, 0.0, 0.0, 0.0]
[(13.75, 18.25), [True]]:[0.0, 0.0, 0.0, 0.0, 0.0, 0.0, 0.0]
[(13.75, 18.0), [True]]:[0.0, 0.0, 0.0, 0.0, 0.0, 0.0, 0.0]
[(13.25, 18.0), [True]]:[0.0, 0.0, 0.0, 0.0, 0.0, 0.0, 0.0]
[(12.75, 18.0), [True]]:[0.0, 0.0, 0.0, 0.0, 0.0, 0.0, 0.0]
[(12.0, 18.0), [True]]:[0.0, 0.0, 0.0, 0.0, 0.0, 0.0, 0.0]
[(11.5, 18.25), [True]]:[0.0, 0.0, 0.0, 0.0, 0.0, 0.0, 0.0]
[(11.0, 18.75), [True]]:[0.0, 0.0, 0.0, 0.0, 0.0, 0.0, 0.0]
[(10.5, 19.5), [True]]:[0.0, 0.0, 0.0, 0.0, 0.0, 0.0, 0.0]
[(10.0, 20.0), [True]]:[0.0, 0.0, 0.0, 0.0, 0.0, 0.0, 0.0]
[(7.25, 20.5), [True]]:[0.0, 0.0, 0.0, 0.0, 0.0, 0.0, 0.0]
[(7.25, 20.0), [True]]:[0.0, 0.0, 0.0, 0.0, 0.0, 0.0, 0.0]
[(7.25, 19.5), [True]]:[0.0, 0.0, 0.0, 0.0, 0.0, 0.0, 0.0]
[(7.25, 19.0), [True]]:[0.0, 0.0, 0.0, 0.0, 0.0, 0.0, 0.0]
[(7.25, 19.25), [True]]:[0.0, 0.0, 0.0, 0.0, 0.0, 0.0, 0.0]
[(7.25, 19.75), [True]]:[0.0, 0.0, 0.0, 0.0, 0.0, 0.0, 0.0]
[(7.0, 20.5), [True]]:[0.0, 0.0, 0.0, 0.0, 0.0, 0.0, 0.0]
[(7.5, 20.5), [True]]:[0.0, 0.0, 0.0, 0.0, 0.0, 0.0, 0.0]
[(8.0, 20.0), [True]]:[0.0, 0.0, 0.0, 0.0, 0.0, 0.0, 0.0]
[(8.5, 19.5), [True]]:[0.0, 0.0, 0.0, 0.0, 0.0, 0.0, 0.0]
[(9.0, 19.0), [True]]:[0.0, 0.0, 0.0, 0.0, 0.0, 0.0, 0.0]
[(9.5, 18.5), [True]]:[0.0, 0.0, 0.0, 0.0, 0.0, 0.0, 0.0]
[(9.5, 18.25), [True]]:[0.0, 0.0, 0.0, 0.0, 0.0, 0.0, 0.0]
[(9.5, 19.0), [True]]:[0.0, 0.0, 0.0, 0.0, 0.0, 0.0, 0.0]
[(10.0, 19.75), [True]]:[0.0, 0.0, 0.0, 0.0, 0.0, 0.0, 0.0]
[(10.0, 20.25), [True]]:[0.0, 0.0, 0.0, 0.0, 0.0, 0.0, 0.0]
[(10.75, 20.5), [True]]:[0.0, 0.0, 0.0, 0.0, 0.0, 0.0, 0.0]
[(11.25, 20.5), [True]]:[0.0, 0.0, 0.0, 0.0, 0.0, 0.0, 0.0]
[(11.75, 20.5), [True]]:[0.0, 0.0, 0.0, 0.0, 0.0, 0.0, 0.0]
[(9.0, 20.0), [True]]:[0.0, 0.0, 0.0, 0.0, 0.0, 0.0, 0.0]
[(9.0, 19.5), [True]]:[0.0, 0.0, 0.0, 0.0, 0.0, 0.0, 0.0]
[(10.0, 18.75), [True]]:[0.0, 0.0, 0.0, 0.0, 0.0, 0.0, 0.0]
[(10.75, 19.0), [True]]:[0.0, 0.0, 0.0, 0.0, 0.0, 0.0, 0.0]
[(11.25, 19.5), [True]]:[0.0, 0.0, 0.0, 0.0, 0.0, 0.0, 0.0]
[(11.75, 20.0), [True]]:[0.0, 0.0, 0.0, 0.0, 0.0, 0.0, 0.0]
[(12.25, 20.5), [True]]:[0.0, 0.0, 0.0, 0.0, 0.0, 0.0, 0.0]
[(12.75, 19.75), [True]]:[0.0, 0.0, 0.0, 0.0, 0.0, 0.0, 0.0]
[(13.25, 19.5), [True]]:[0.0, 0.0, 0.0, 0.0, 0.0, 0.0, 0.0]
[(13.75, 19.0), [True]]:[0.0, 0.0, 0.0, 0.0, 0.0, 0.0, 0.0]
[(14.5, 18.5), [True]]:[0.0, 0.0, 0.0, 0.0, 0.0, 0.0, 0.0]
[(15.0, 18.25), [True]]:[0.0, 0.0, 0.0, 0.0, 0.0, 0.0, 0.0]
[(15.5, 18.0), [True]]:[0.0, 0.0, 0.0, 0.0, 0.0, 0.0, 0.0]
[(16.0, 18.0), [True]]:[0.0, 0.0, 0.0, 0.0, 0.0, 0.0, 0.0]
[(16.5, 18.0), [True]]:[0.0, 0.0, 0.0, 0.0, 0.0, 0.0, 0.0]
[(17.0, 18.25), [True]]:[0.0, 0.0, 0.0, 0.0, 0.0, 0.0, 0.0]
[(17.0, 18.75), [True]]:[0.0, 0.0, 0.0, 0.0, 0.0, 0.0, 0.0]
[(17.0, 19.5), [True]]:[0.0, 0.0, 0.0, 0.0, 0.0, 0.0, 0.0]
[(17.0, 18.5), [True]]:[0.0, 0.0, 0.0, 0.0, 0.0, 0.0, 0.0]
[(17.0, 18.0), [True]]:[0.0, 0.0, 0.0, 0.0, 0.0, 0.0, 0.0]
[(17.5, 18.0), [True]]:[0.0, 0.0, 0.0, 0.0, 0.0, 0.0, 0.0]
[(18.0, 18.0), [True]]:[0.0, 0.0, 0.0, 0.0, 0.0, 0.0, 0.0]
[(17.5, 18.25), [True]]:[0.0, 0.0, 0.0, 0.0, 0.0, 0.0, 0.0]
[(18.0, 18.75), [True]]:[0.0, 0.0, 0.0, 0.0, 0.0, 0.0, 0.0]
[(18.75, 19.5), [True]]:[0.0, 0.0, 0.0, 0.0, 0.0, 0.0, 0.0]
[(19.25, 19.5), [True]]:[0.0, 0.0, 0.0, 0.0, 0.0, 0.0, 0.0]
[(19.75, 19.5), [True]]:[0.0, 0.0, 0.0, 0.0, 0.0, 0.0, 0.0]
[(20.25, 19.5), [True]]:[0.0, 0.0, 0.0, 0.0, 0.0, 0.0, 0.0]
[(20.75, 19.5), [True]]:[-70.40645016491912, 0.0, 0.0, -4624.291235391084, -70.44033403912681, -323.8181237571446, -488.58556213507285]
[(21.25, 20.25), [True]]:[-4911.027086601542, -4828.315808985376, -5408.124829514406, -5303.967207735029, -5187.815580792278, -5046.605753522929, -4871.948080475126]
[(21.25, 20.75), [True]]:[0.0, 0.0, 0.0, 0.0, 0.0, 0.0, 0.0]
[(4.5, 11.5), [True]]:[0.0, 0.0, 0.0, 0.0, 0.0, 0.0, 0.0]
[(5.25, 10.5), [True]]:[-109.75499451225, -154.75499226225003, -156.54683362765797, -94.99999525, 0.0, -133.0465433476725, -12.709328506178547]
[(5.75, 10.0), [True]]:[0.0, 0.0, 0.0, 0.0, 0.0, 0.0, 0.0]
[(5.25, 9.75), [True]]:[0.0, 0.0, 0.0, 0.0, 0.0, 0.0, 0.0]
[(4.75, 9.5), [True]]:[0.0, 0.0, 0.0, 0.0, 0.0, 0.0, 0.0]
[(4.0, 9.25), [True]]:[0.0, 0.0, 0.0, 0.0, 0.0, 0.0, 0.0]
[(3.5, 9.0), [True]]:[0.0, 0.0, 0.0, 0.0, 0.0, 0.0, 0.0]
[(3.0, 8.75), [True]]:[0.0, 0.0, 0.0, 0.0, 0.0, 0.0, 0.0]
[(2.5, 9.0), [True]]:[0.0, 0.0, 0.0, 0.0, 0.0, 0.0, 0.0]
[(2.0, 9.75), [True]]:[0.0, 0.0, 0.0, 0.0, 0.0, 0.0, 0.0]
[(1.5, 10.25), [True]]:[0.0, 0.0, 0.0, 0.0, 0.0, 0.0, 0.0]
[(1.0, 11.0), [True]]:[0.0, 0.0, 0.0, 0.0, 0.0, 0.0, 0.0]
[(0.5, 11.5), [True]]:[0.0, 0.0, 0.0, 0.0, 0.0, 0.0, 0.0]
[(0.0, 11.5), [True]]:[0.0, 0.0, 0.0, 0.0, 0.0, 0.0, 0.0]
[(0.5, 10.5), [True]]:[0.0, 0.0, 0.0, 0.0, 0.0, 0.0, 0.0]
[(0.0, 10.0), [True]]:[0.0, 0.0, 0.0, 0.0, 0.0, 0.0, 0.0]
[(0.0, 9.75), [True]]:[0.0, 0.0, 0.0, 0.0, 0.0, 0.0, 0.0]
[(0.0, 9.25), [True]]:[0.0, 0.0, 0.0, 0.0, 0.0, 0.0, 0.0]
[(0.0, 10.25), [True]]:[0.0, 0.0, 0.0, 0.0, 0.0, 0.0, 0.0]
[(0.0, 10.75), [True]]:[0.0, 0.0, 0.0, 0.0, 0.0, 0.0, 0.0]
[(1.5, 10.5), [True]]:[0.0, 0.0, 0.0, 0.0, 0.0, 0.0, 0.0]
[(2.0, 10.5), [True]]:[0.0, 0.0, 0.0, 0.0, 0.0, 0.0, 0.0]
[(2.5, 11.25), [True]]:[0.0, 0.0, 0.0, 0.0, 0.0, 0.0, 0.0]
[(2.5, 11.0), [True]]:[0.0, 0.0, 0.0, 0.0, 0.0, 0.0, 0.0]
[(3.5, 19.5), [True]]:[0.0, 0.0, 0.0, 0.0, 0.0, 0.0, 0.0]
[(3.5, 19.0), [True]]:[0.0, 0.0, 0.0, 0.0, 0.0, 0.0, 0.0]
[(3.5, 18.5), [True]]:[0.0, 0.0, 0.0, 0.0, 0.0, 0.0, 0.0]
[(3.5, 18.0), [True]]:[0.0, 0.0, 0.0, 0.0, 0.0, 0.0, 0.0]
[(4.0, 18.0), [True]]:[0.0, 0.0, 0.0, 0.0, 0.0, 0.0, 0.0]
[(4.75, 18.0), [True]]:[0.0, 0.0, 0.0, 0.0, 0.0, 0.0, 0.0]
[(5.25, 18.0), [True]]:[0.0, 0.0, 0.0, 0.0, 0.0, 0.0, 0.0]
[(3.0, 18.0), [True]]:[0.0, 0.0, 0.0, 0.0, 0.0, 0.0, 0.0]
[(2.5, 18.0), [True]]:[0.0, 0.0, 0.0, 0.0, 0.0, 0.0, 0.0]
[(2.0, 18.0), [True]]:[0.0, 0.0, 0.0, 0.0, 0.0, 0.0, 0.0]
[(1.5, 18.25), [True]]:[0.0, 0.0, 0.0, 0.0, 0.0, 0.0, 0.0]
[(1.0, 18.5), [True]]:[0.0, 0.0, 0.0, 0.0, 0.0, 0.0, 0.0]
[(0.5, 18.75), [True]]:[0.0, 0.0, 0.0, 0.0, 0.0, 0.0, 0.0]
[(0.0, 19.0), [True]]:[0.0, 0.0, 0.0, 0.0, 0.0, 0.0, 0.0]
[(0.5, 19.25), [True]]:[0.0, 0.0, 0.0, 0.0, 0.0, 0.0, 0.0]
[(1.0, 19.5), [True]]:[0.0, 0.0, 0.0, 0.0, 0.0, 0.0, 0.0]
[(1.5, 19.5), [True]]:[0.0, 0.0, 0.0, 0.0, 0.0, 0.0, 0.0]
[(1.5, 19.0), [True]]:[0.0, 0.0, 0.0, 0.0, 0.0, 0.0, 0.0]
[(1.5, 18.5), [True]]:[0.0, 0.0, 0.0, 0.0, 0.0, 0.0, 0.0]
[(1.5, 18.0), [True]]:[0.0, 0.0, 0.0, 0.0, 0.0, 0.0, 0.0]
[(1.0, 18.0), [True]]:[0.0, 0.0, 0.0, 0.0, 0.0, 0.0, 0.0]
[(0.5, 18.0), [True]]:[0.0, 0.0, 0.0, 0.0, 0.0, 0.0, 0.0]
[(0.0, 18.0), [True]]:[0.0, 0.0, 0.0, 0.0, 0.0, 0.0, 0.0]
[(2.0, 18.5), [True]]:[0.0, 0.0, 0.0, 0.0, 0.0, 0.0, 0.0]
[(1.5, 18.75), [True]]:[0.0, 0.0, 0.0, 0.0, 0.0, 0.0, 0.0]
[(1.0, 19.0), [True]]:[0.0, 0.0, 0.0, 0.0, 0.0, 0.0, 0.0]
[(0.5, 19.5), [True]]:[0.0, 0.0, 0.0, 0.0, 0.0, 0.0, 0.0]
[(0.0, 19.5), [True]]:[0.0, 0.0, 0.0, 0.0, 0.0, 0.0, 0.0]
[(0.0, 18.5), [True]]:[0.0, 0.0, 0.0, 0.0, 0.0, 0.0, 0.0]
[(0.5, 18.25), [True]]:[0.0, 0.0, 0.0, 0.0, 0.0, 0.0, 0.0]
[(1.0, 18.75), [True]]:[0.0, 0.0, 0.0, 0.0, 0.0, 0.0, 0.0]
[(1.5, 19.25), [True]]:[0.0, 0.0, 0.0, 0.0, 0.0, 0.0, 0.0]
[(2.0, 19.5), [True]]:[0.0, 0.0, 0.0, 0.0, 0.0, 0.0, 0.0]
[(2.5, 19.5), [True]]:[0.0, 0.0, 0.0, 0.0, 0.0, 0.0, 0.0]
[(3.0, 19.5), [True]]:[0.0, 0.0, 0.0, 0.0, 0.0, 0.0, 0.0]
[(4.25, 19.25), [True]]:[0.0, 0.0, 0.0, 0.0, 0.0, 0.0, 0.0]
[(4.25, 19.5), [True]]:[0.0, 0.0, 0.0, 0.0, 0.0, 0.0, 0.0]
[(3.0, 18.5), [True]]:[0.0, 0.0, 0.0, 0.0, 0.0, 0.0, 0.0]
[(2.5, 18.5), [True]]:[0.0, 0.0, 0.0, 0.0, 0.0, 0.0, 0.0]
[(3.0, 19.25), [True]]:[0.0, 0.0, 0.0, 0.0, 0.0, 0.0, 0.0]
[(5.25, 19.0), [True]]:[0.0, 0.0, 0.0, 0.0, 0.0, 0.0, 0.0]
[(5.75, 19.0), [True]]:[0.0, 0.0, 0.0, 0.0, 0.0, 0.0, 0.0]
[(6.25, 19.0), [True]]:[0.0, 0.0, 0.0, 0.0, 0.0, 0.0, 0.0]
[(6.25, 18.75), [True]]:[0.0, 0.0, 0.0, 0.0, 0.0, 0.0, 0.0]
[(6.75, 19.25), [True]]:[0.0, 0.0, 0.0, 0.0, 0.0, 0.0, 0.0]
[(8.0, 20.5), [True]]:[0.0, 0.0, 0.0, 0.0, 0.0, 0.0, 0.0]
[(7.0, 20.0), [True]]:[0.0, 0.0, 0.0, 0.0, 0.0, 0.0, 0.0]
[(6.5, 19.5), [True]]:[0.0, 0.0, 0.0, 0.0, 0.0, 0.0, 0.0]
[(6.0, 19.5), [True]]:[0.0, 0.0, 0.0, 0.0, 0.0, 0.0, 0.0]
[(5.5, 19.5), [True]]:[0.0, 0.0, 0.0, 0.0, 0.0, 0.0, 0.0]
[(5.0, 19.5), [True]]:[0.0, 0.0, 0.0, 0.0, 0.0, 0.0, 0.0]
[(4.5, 19.5), [True]]:[0.0, 0.0, 0.0, 0.0, 0.0, 0.0, 0.0]
[(5.5, 19.0), [True]]:[0.0, 0.0, 0.0, 0.0, 0.0, 0.0, 0.0]
[(6.0, 19.25), [True]]:[0.0, 0.0, 0.0, 0.0, 0.0, 0.0, 0.0]
[(8.25, 20.5), [True]]:[0.0, 0.0, 0.0, 0.0, 0.0, 0.0, 0.0]
[(8.75, 20.5), [True]]:[0.0, 0.0, 0.0, 0.0, 0.0, 0.0, 0.0]
[(9.25, 20.5), [True]]:[0.0, 0.0, 0.0, 0.0, 0.0, 0.0, 0.0]
[(9.75, 20.5), [True]]:[0.0, 0.0, 0.0, 0.0, 0.0, 0.0, 0.0]
[(10.25, 20.5), [True]]:[0.0, 0.0, 0.0, 0.0, 0.0, 0.0, 0.0]
[(12.0, 20.5), [True]]:[0.0, 0.0, 0.0, 0.0, 0.0, 0.0, 0.0]
[(12.5, 20.5), [True]]:[0.0, 0.0, 0.0, 0.0, 0.0, 0.0, 0.0]
[(13.0, 20.5), [True]]:[0.0, 0.0, 0.0, 0.0, 0.0, 0.0, 0.0]
[(13.0, 20.0), [True]]:[0.0, 0.0, 0.0, 0.0, 0.0, 0.0, 0.0]
[(13.0, 19.5), [True]]:[0.0, 0.0, 0.0, 0.0, 0.0, 0.0, 0.0]
[(13.0, 19.0), [True]]:[0.0, 0.0, 0.0, 0.0, 0.0, 0.0, 0.0]
[(13.0, 18.75), [True]]:[0.0, 0.0, 0.0, 0.0, 0.0, 0.0, 0.0]
[(12.5, 20.0), [True]]:[0.0, 0.0, 0.0, 0.0, 0.0, 0.0, 0.0]
[(11.0, 20.0), [True]]:[0.0, 0.0, 0.0, 0.0, 0.0, 0.0, 0.0]
[(11.0, 19.5), [True]]:[0.0, 0.0, 0.0, 0.0, 0.0, 0.0, 0.0]
[(11.0, 19.0), [True]]:[0.0, 0.0, 0.0, 0.0, 0.0, 0.0, 0.0]
[(11.5, 18.75), [True]]:[0.0, 0.0, 0.0, 0.0, 0.0, 0.0, 0.0]
[(12.0, 18.5), [True]]:[0.0, 0.0, 0.0, 0.0, 0.0, 0.0, 0.0]
[(12.5, 18.0), [True]]:[0.0, 0.0, 0.0, 0.0, 0.0, 0.0, 0.0]
[(13.0, 18.0), [True]]:[0.0, 0.0, 0.0, 0.0, 0.0, 0.0, 0.0]
[(13.5, 18.0), [True]]:[0.0, 0.0, 0.0, 0.0, 0.0, 0.0, 0.0]
[(14.25, 18.0), [True]]:[0.0, 0.0, 0.0, 0.0, 0.0, 0.0, 0.0]
[(14.75, 18.25), [True]]:[0.0, 0.0, 0.0, 0.0, 0.0, 0.0, 0.0]
[(14.25, 18.75), [True]]:[0.0, 0.0, 0.0, 0.0, 0.0, 0.0, 0.0]
[(13.5, 19.5), [True]]:[0.0, 0.0, 0.0, 0.0, 0.0, 0.0, 0.0]
[(12.75, 19.0), [True]]:[0.0, 0.0, 0.0, 0.0, 0.0, 0.0, 0.0]
[(12.25, 18.75), [True]]:[0.0, 0.0, 0.0, 0.0, 0.0, 0.0, 0.0]
[(11.75, 18.25), [True]]:[0.0, 0.0, 0.0, 0.0, 0.0, 0.0, 0.0]
[(11.25, 18.75), [True]]:[0.0, 0.0, 0.0, 0.0, 0.0, 0.0, 0.0]
[(10.75, 19.25), [True]]:[0.0, 0.0, 0.0, 0.0, 0.0, 0.0, 0.0]
[(10.25, 19.75), [True]]:[0.0, 0.0, 0.0, 0.0, 0.0, 0.0, 0.0]
[(8.5, 20.0), [True]]:[0.0, 0.0, 0.0, 0.0, 0.0, 0.0, 0.0]
[(8.5, 20.25), [True]]:[0.0, 0.0, 0.0, 0.0, 0.0, 0.0, 0.0]
[(8.0, 19.5), [True]]:[0.0, 0.0, 0.0, 0.0, 0.0, 0.0, 0.0]
[(8.5, 19.0), [True]]:[0.0, 0.0, 0.0, 0.0, 0.0, 0.0, 0.0]
[(9.0, 18.75), [True]]:[0.0, 0.0, 0.0, 0.0, 0.0, 0.0, 0.0]
[(9.5, 18.0), [True]]:[0.0, 0.0, 0.0, 0.0, 0.0, 0.0, 0.0]
[(10.25, 19.0), [True]]:[0.0, 0.0, 0.0, 0.0, 0.0, 0.0, 0.0]
[(10.25, 19.5), [True]]:[0.0, 0.0, 0.0, 0.0, 0.0, 0.0, 0.0]
[(10.25, 20.0), [True]]:[0.0, 0.0, 0.0, 0.0, 0.0, 0.0, 0.0]
[(7.0, 19.5), [True]]:[0.0, 0.0, 0.0, 0.0, 0.0, 0.0, 0.0]
[(7.0, 19.0), [True]]:[0.0, 0.0, 0.0, 0.0, 0.0, 0.0, 0.0]
[(7.0, 18.5), [True]]:[0.0, 0.0, 0.0, 0.0, 0.0, 0.0, 0.0]
[(6.5, 18.25), [True]]:[0.0, 0.0, 0.0, 0.0, 0.0, 0.0, 0.0]
[(7.0, 18.0), [True]]:[0.0, 0.0, 0.0, 0.0, 0.0, 0.0, 0.0]
[(7.5, 18.0), [True]]:[0.0, 0.0, 0.0, 0.0, 0.0, 0.0, 0.0]
[(7.0, 18.75), [True]]:[0.0, 0.0, 0.0, 0.0, 0.0, 0.0, 0.0]
[(7.5, 19.25), [True]]:[0.0, 0.0, 0.0, 0.0, 0.0, 0.0, 0.0]
[(4.5, 19.0), [True]]:[0.0, 0.0, 0.0, 0.0, 0.0, 0.0, 0.0]
[(4.0, 19.0), [True]]:[0.0, 0.0, 0.0, 0.0, 0.0, 0.0, 0.0]
[(3.25, 19.5), [True]]:[0.0, 0.0, 0.0, 0.0, 0.0, 0.0, 0.0]
[(2.75, 19.0), [True]]:[0.0, 0.0, 0.0, 0.0, 0.0, 0.0, 0.0]
[(2.25, 18.5), [True]]:[0.0, 0.0, 0.0, 0.0, 0.0, 0.0, 0.0]
[(1.75, 18.0), [True]]:[0.0, 0.0, 0.0, 0.0, 0.0, 0.0, 0.0]
[(1.75, 17.75), [True]]:[0.0, 0.0, 0.0, 0.0, 0.0, 0.0, 0.0]
[(2.25, 17.5), [True]]:[0.0, 0.0, 0.0, 0.0, 0.0, 0.0, 0.0]
[(0.5, 19.0), [True]]:[0.0, 0.0, 0.0, 0.0, 0.0, 0.0, 0.0]
[(0.5, 18.5), [True]]:[0.0, 0.0, 0.0, 0.0, 0.0, 0.0, 0.0]
[(2.25, 18.75), [True]]:[0.0, 0.0, 0.0, 0.0, 0.0, 0.0, 0.0]
[(2.25, 19.5), [True]]:[0.0, 0.0, 0.0, 0.0, 0.0, 0.0, 0.0]
[(2.75, 19.5), [True]]:[0.0, 0.0, 0.0, 0.0, 0.0, 0.0, 0.0]
[(0.0, 18.75), [True]]:[0.0, 0.0, 0.0, 0.0, 0.0, 0.0, 0.0]
[(0.0, 19.25), [True]]:[0.0, 0.0, 0.0, 0.0, 0.0, 0.0, 0.0]
[(0.0, 18.25), [True]]:[0.0, 0.0, 0.0, 0.0, 0.0, 0.0, 0.0]
[(2.0, 18.75), [True]]:[0.0, 0.0, 0.0, 0.0, 0.0, 0.0, 0.0]
[(2.0, 19.25), [True]]:[0.0, 0.0, 0.0, 0.0, 0.0, 0.0, 0.0]
[(3.75, 19.5), [True]]:[0.0, 0.0, 0.0, 0.0, 0.0, 0.0, 0.0]
[(4.75, 19.0), [True]]:[0.0, 0.0, 0.0, 0.0, 0.0, 0.0, 0.0]
[(5.25, 18.5), [True]]:[0.0, 0.0, 0.0, 0.0, 0.0, 0.0, 0.0]
[(5.75, 18.0), [True]]:[0.0, 0.0, 0.0, 0.0, 0.0, 0.0, 0.0]
[(6.5, 18.0), [True]]:[0.0, 0.0, 0.0, 0.0, 0.0, 0.0, 0.0]
[(8.0, 18.0), [True]]:[0.0, 0.0, 0.0, 0.0, 0.0, 0.0, 0.0]
[(8.5, 18.0), [True]]:[0.0, 0.0, 0.0, 0.0, 0.0, 0.0, 0.0]
[(9.0, 18.0), [True]]:[0.0, 0.0, 0.0, 0.0, 0.0, 0.0, 0.0]
[(10.0, 19.0), [True]]:[0.0, 0.0, 0.0, 0.0, 0.0, 0.0, 0.0]
[(10.75, 19.5), [True]]:[0.0, 0.0, 0.0, 0.0, 0.0, 0.0, 0.0]
[(10.75, 20.25), [True]]:[0.0, 0.0, 0.0, 0.0, 0.0, 0.0, 0.0]
[(10.75, 20.0), [True]]:[0.0, 0.0, 0.0, 0.0, 0.0, 0.0, 0.0]
[(11.75, 19.0), [True]]:[0.0, 0.0, 0.0, 0.0, 0.0, 0.0, 0.0]
[(11.25, 18.5), [True]]:[0.0, 0.0, 0.0, 0.0, 0.0, 0.0, 0.0]
[(9.5, 20.0), [True]]:[0.0, 0.0, 0.0, 0.0, 0.0, 0.0, 0.0]
[(8.0, 18.75), [True]]:[0.0, 0.0, 0.0, 0.0, 0.0, 0.0, 0.0]
[(7.5, 18.5), [True]]:[0.0, 0.0, 0.0, 0.0, 0.0, 0.0, 0.0]
[(4.25, 18.0), [True]]:[0.0, 0.0, 0.0, 0.0, 0.0, 0.0, 0.0]
[(3.75, 18.25), [True]]:[0.0, 0.0, 0.0, 0.0, 0.0, 0.0, 0.0]
[(3.25, 18.75), [True]]:[0.0, 0.0, 0.0, 0.0, 0.0, 0.0, 0.0]
[(3.25, 19.0), [True]]:[0.0, 0.0, 0.0, 0.0, 0.0, 0.0, 0.0]
[(3.25, 18.5), [True]]:[0.0, 0.0, 0.0, 0.0, 0.0, 0.0, 0.0]
[(2.75, 18.0), [True]]:[0.0, 0.0, 0.0, 0.0, 0.0, 0.0, 0.0]
[(3.25, 18.0), [True]]:[0.0, 0.0, 0.0, 0.0, 0.0, 0.0, 0.0]
[(3.75, 18.0), [True]]:[0.0, 0.0, 0.0, 0.0, 0.0, 0.0, 0.0]
[(3.25, 18.25), [True]]:[0.0, 0.0, 0.0, 0.0, 0.0, 0.0, 0.0]
[(3.75, 18.5), [True]]:[0.0, 0.0, 0.0, 0.0, 0.0, 0.0, 0.0]
[(4.75, 18.25), [True]]:[0.0, 0.0, 0.0, 0.0, 0.0, 0.0, 0.0]
[(5.25, 18.75), [True]]:[0.0, 0.0, 0.0, 0.0, 0.0, 0.0, 0.0]
[(7.0, 19.75), [True]]:[0.0, 0.0, 0.0, 0.0, 0.0, 0.0, 0.0]
[(7.5, 19.0), [True]]:[0.0, 0.0, 0.0, 0.0, 0.0, 0.0, 0.0]
[(8.0, 18.25), [True]]:[0.0, 0.0, 0.0, 0.0, 0.0, 0.0, 0.0]
[(10.0, 18.0), [True]]:[0.0, 0.0, 0.0, 0.0, 0.0, 0.0, 0.0]
[(10.75, 18.25), [True]]:[0.0, 0.0, 0.0, 0.0, 0.0, 0.0, 0.0]
[(11.25, 19.0), [True]]:[0.0, 0.0, 0.0, 0.0, 0.0, 0.0, 0.0]
[(11.25, 20.0), [True]]:[0.0, 0.0, 0.0, 0.0, 0.0, 0.0, 0.0]
[(11.75, 18.75), [True]]:[0.0, 0.0, 0.0, 0.0, 0.0, 0.0, 0.0]
[(12.25, 19.0), [True]]:[0.0, 0.0, 0.0, 0.0, 0.0, 0.0, 0.0]
[(13.25, 20.0), [True]]:[0.0, 0.0, 0.0, 0.0, 0.0, 0.0, 0.0]
[(13.25, 20.5), [True]]:[0.0, 0.0, 0.0, 0.0, 0.0, 0.0, 0.0]
[(14.0, 19.0), [True]]:[0.0, 0.0, 0.0, 0.0, 0.0, 0.0, 0.0]
[(13.5, 18.5), [True]]:[0.0, 0.0, 0.0, 0.0, 0.0, 0.0, 0.0]
[(13.0, 18.25), [True]]:[0.0, 0.0, 0.0, 0.0, 0.0, 0.0, 0.0]
[(13.5, 18.25), [True]]:[0.0, 0.0, 0.0, 0.0, 0.0, 0.0, 0.0]
[(14.0, 18.75), [True]]:[0.0, 0.0, 0.0, 0.0, 0.0, 0.0, 0.0]
[(14.75, 19.5), [True]]:[0.0, 0.0, 0.0, 0.0, 0.0, 0.0, 0.0]
[(14.0, 19.5), [True]]:[0.0, 0.0, 0.0, 0.0, 0.0, 0.0, 0.0]
[(15.25, 19.5), [True]]:[0.0, 0.0, 0.0, 0.0, 0.0, 0.0, 0.0]
[(15.75, 18.75), [True]]:[0.0, 0.0, 0.0, 0.0, 0.0, 0.0, 0.0]
[(16.25, 18.5), [True]]:[0.0, 0.0, 0.0, 0.0, 0.0, 0.0, 0.0]
[(16.75, 18.0), [True]]:[0.0, 0.0, 0.0, 0.0, 0.0, 0.0, 0.0]
[(17.25, 18.0), [True]]:[0.0, 0.0, 0.0, 0.0, 0.0, 0.0, 0.0]
[(17.75, 18.0), [True]]:[0.0, 0.0, 0.0, 0.0, 0.0, 0.0, 0.0]
[(16.75, 18.25), [True]]:[0.0, 0.0, 0.0, 0.0, 0.0, 0.0, 0.0]
[(16.25, 18.75), [True]]:[0.0, 0.0, 0.0, 0.0, 0.0, 0.0, 0.0]
[(15.75, 19.25), [True]]:[0.0, 0.0, 0.0, 0.0, 0.0, 0.0, 0.0]
[(15.75, 19.5), [True]]:[0.0, 0.0, 0.0, 0.0, 0.0, 0.0, 0.0]
[(16.25, 19.5), [True]]:[0.0, 0.0, 0.0, 0.0, 0.0, 0.0, 0.0]
[(16.75, 19.5), [True]]:[0.0, 0.0, 0.0, 0.0, 0.0, 0.0, 0.0]
[(17.25, 19.5), [True]]:[0.0, 0.0, 0.0, 0.0, 0.0, 0.0, 0.0]
[(17.75, 19.0), [True]]:[0.0, 0.0, 0.0, 0.0, 0.0, 0.0, 0.0]
[(18.5, 19.25), [True]]:[0.0, 0.0, 0.0, 0.0, 0.0, 0.0, 0.0]
[(19.0, 19.5), [True]]:[0.0, 0.0, 0.0, 0.0, 0.0, 0.0, 0.0]
[(19.5, 19.5), [True]]:[0.0, 0.0, 0.0, 0.0, 0.0, 0.0, 0.0]
[(20.0, 19.5), [True]]:[0.0, 0.0, 0.0, 0.0, 0.0, 0.0, 0.0]
[(20.5, 19.5), [True]]:[-0.6539917737306841, 0.0, 0.0, -4336.918549750494, -0.036004558456862304, -88.50206575153844, -67.21828125403701]
[(21.0, 19.75), [True]]:[-3144.2374959046533, -3111.702810669654, -3155.440731360334, -3133.080309759099, -3125.902940376247, -3223.056220649207, -3115.6754041070008]
[(21.5, 20.5), [True]]:[-5099.784102906757, -5085.870120653225, -4867.439127215266, -5099.786411840882, -5609.762946136929, -5796.867941594614, -4897.530933740876]
[(21.5, 20.75), [True]]:[0.0, 0.0, 0.0, 0.0, 0.0, 0.0, 0.0]
[(4.0, 11.0), [True]]:[0.0, 0.0, 0.0, 0.0, -1.824800267338056, -1527.0570638700335, 0.0]
[(4.75, 10.5), [True]]:[-84.10297893917135, -127.10041557539455, 0.0, -26.830804624154712, -27.898247003912534, -28.633393936060735, 0.0]
[(5.25, 10.0), [True]]:[0.0, 0.0, 0.0, 0.0, 0.0, 0.0, 0.0]
[(5.75, 9.75), [True]]:[0.0, 0.0, 0.0, 0.0, 0.0, 0.0, 0.0]
[(5.25, 9.5), [True]]:[0.0, 0.0, 0.0, 0.0, 0.0, 0.0, 0.0]
[(4.75, 9.25), [True]]:[0.0, 0.0, 0.0, 0.0, 0.0, 0.0, 0.0]
[(4.75, 9.0), [True]]:[0.0, 0.0, 0.0, 0.0, 0.0, 0.0, 0.0]
[(4.75, 8.75), [True]]:[0.0, 0.0, 0.0, 0.0, 0.0, 0.0, 0.0]
[(5.25, 8.75), [True]]:[0.0, 0.0, 0.0, 0.0, 0.0, 0.0, 0.0]
[(5.75, 8.5), [True]]:[0.0, 0.0, 0.0, 0.0, 0.0, 0.0, 0.0]
[(6.25, 8.5), [True]]:[0.0, 0.0, 0.0, 0.0, 0.0, 0.0, 0.0]
[(5.75, 8.75), [True]]:[0.0, 0.0, 0.0, 0.0, 0.0, 0.0, 0.0]
[(6.25, 9.0), [True]]:[0.0, 0.0, 0.0, 0.0, 0.0, 0.0, 0.0]
[(6.75, 9.0), [True]]:[0.0, 0.0, 0.0, 0.0, 0.0, 0.0, 0.0]
[(7.25, 9.5), [True]]:[0.0, 0.0, 0.0, 0.0, 0.0, 0.0, 0.0]
[(7.75, 10.25), [True]]:[0.0, 0.0, 0.0, 0.0, 0.0, 0.0, 0.0]
[(7.75, 10.75), [True]]:[0.0, 0.0, 0.0, 0.0, 0.0, 0.0, 0.0]
[(7.75, 11.5), [True]]:[-500.0, -1355.0, -950.0, -500.0, -500.0, -500.0, -950.0]
[(7.75, 11.75), [True]]:[0.0, 0.0, 0.0, 0.0, 0.0, 0.0, 0.0]
[(3.0, 11.0), [True]]:[0.0, 0.0, 0.0, 0.0, 0.0, 0.0, 0.0]
[(3.0, 10.5), [True]]:[0.0, 0.0, 0.0, 0.0, 0.0, 0.0, 0.0]
[(3.0, 10.0), [True]]:[0.0, 0.0, 0.0, 0.0, 0.0, 0.0, 0.0]
[(3.5, 9.75), [True]]:[0.0, 0.0, 0.0, 0.0, 0.0, 0.0, 0.0]
[(3.0, 11.25), [True]]:[0.0, 0.0, 0.0, 0.0, 0.0, 0.0, 0.0]
[(2.0, 18.25), [True]]:[0.0, 0.0, 0.0, 0.0, 0.0, 0.0, 0.0]
[(5.25, 18.25), [True]]:[0.0, 0.0, 0.0, 0.0, 0.0, 0.0, 0.0]
[(8.5, 18.25), [True]]:[0.0, 0.0, 0.0, 0.0, 0.0, 0.0, 0.0]
[(6.0, 19.0), [True]]:[0.0, 0.0, 0.0, 0.0, 0.0, 0.0, 0.0]
[(6.0, 18.75), [True]]:[0.0, 0.0, 0.0, 0.0, 0.0, 0.0, 0.0]
[(6.0, 18.5), [True]]:[0.0, 0.0, 0.0, 0.0, 0.0, 0.0, 0.0]
[(6.5, 18.75), [True]]:[0.0, 0.0, 0.0, 0.0, 0.0, 0.0, 0.0]
[(7.0, 19.25), [True]]:[0.0, 0.0, 0.0, 0.0, 0.0, 0.0, 0.0]
[(6.5, 19.0), [True]]:[0.0, 0.0, 0.0, 0.0, 0.0, 0.0, 0.0]
[(6.5, 18.5), [True]]:[0.0, 0.0, 0.0, 0.0, 0.0, 0.0, 0.0]
[(6.0, 18.0), [True]]:[0.0, 0.0, 0.0, 0.0, 0.0, 0.0, 0.0]
[(5.5, 18.25), [True]]:[0.0, 0.0, 0.0, 0.0, 0.0, 0.0, 0.0]
[(5.0, 18.75), [True]]:[0.0, 0.0, 0.0, 0.0, 0.0, 0.0, 0.0]
[(5.5, 18.5), [True]]:[0.0, 0.0, 0.0, 0.0, 0.0, 0.0, 0.0]
[(5.0, 18.0), [True]]:[0.0, 0.0, 0.0, 0.0, 0.0, 0.0, 0.0]
[(4.5, 18.25), [True]]:[0.0, 0.0, 0.0, 0.0, 0.0, 0.0, 0.0]
[(4.5, 18.75), [True]]:[0.0, 0.0, 0.0, 0.0, 0.0, 0.0, 0.0]
[(2.25, 18.0), [True]]:[0.0, 0.0, 0.0, 0.0, 0.0, 0.0, 0.0]
[(2.0, 17.25), [True]]:[0.0, 0.0, 0.0, 0.0, 0.0, 0.0, 0.0]
[(2.5, 19.0), [True]]:[0.0, 0.0, 0.0, 0.0, 0.0, 0.0, 0.0]
[(1.0, 19.25), [True]]:[0.0, 0.0, 0.0, 0.0, 0.0, 0.0, 0.0]
[(2.5, 18.75), [True]]:[0.0, 0.0, 0.0, 0.0, 0.0, 0.0, 0.0]
[(2.5, 19.25), [True]]:[0.0, 0.0, 0.0, 0.0, 0.0, 0.0, 0.0]
[(1.0, 18.25), [True]]:[0.0, 0.0, 0.0, 0.0, 0.0, 0.0, 0.0]
[(4.25, 19.0), [True]]:[0.0, 0.0, 0.0, 0.0, 0.0, 0.0, 0.0]
[(4.75, 18.5), [True]]:[0.0, 0.0, 0.0, 0.0, 0.0, 0.0, 0.0]
[(6.25, 18.25), [True]]:[0.0, 0.0, 0.0, 0.0, 0.0, 0.0, 0.0]
[(6.25, 19.25), [True]]:[0.0, 0.0, 0.0, 0.0, 0.0, 0.0, 0.0]
[(5.75, 18.25), [True]]:[0.0, 0.0, 0.0, 0.0, 0.0, 0.0, 0.0]
[(6.75, 19.75), [True]]:[0.0, 0.0, 0.0, 0.0, 0.0, 0.0, 0.0]
[(8.0, 20.25), [True]]:[0.0, 0.0, 0.0, 0.0, 0.0, 0.0, 0.0]
[(5.75, 19.25), [True]]:[0.0, 0.0, 0.0, 0.0, 0.0, 0.0, 0.0]
[(6.25, 18.0), [True]]:[0.0, 0.0, 0.0, 0.0, 0.0, 0.0, 0.0]
[(6.75, 18.0), [True]]:[0.0, 0.0, 0.0, 0.0, 0.0, 0.0, 0.0]
[(6.75, 18.25), [True]]:[0.0, 0.0, 0.0, 0.0, 0.0, 0.0, 0.0]
[(6.75, 18.75), [True]]:[0.0, 0.0, 0.0, 0.0, 0.0, 0.0, 0.0]
[(6.75, 20.0), [True]]:[0.0, 0.0, 0.0, 0.0, 0.0, 0.0, 0.0]
[(6.75, 20.5), [True]]:[0.0, 0.0, 0.0, 0.0, 0.0, 0.0, 0.0]
[(8.0, 19.0), [True]]:[0.0, 0.0, 0.0, 0.0, 0.0, 0.0, 0.0]
[(8.5, 18.75), [True]]:[0.0, 0.0, 0.0, 0.0, 0.0, 0.0, 0.0]
[(7.25, 18.0), [True]]:[0.0, 0.0, 0.0, 0.0, 0.0, 0.0, 0.0]
[(10.5, 18.25), [True]]:[0.0, 0.0, 0.0, 0.0, 0.0, 0.0, 0.0]
[(11.0, 18.5), [True]]:[0.0, 0.0, 0.0, 0.0, 0.0, 0.0, 0.0]
[(10.5, 19.25), [True]]:[0.0, 0.0, 0.0, 0.0, 0.0, 0.0, 0.0]
[(9.5, 20.25), [True]]:[0.0, 0.0, 0.0, 0.0, 0.0, 0.0, 0.0]
[(2.75, 18.75), [True]]:[0.0, 0.0, 0.0, 0.0, 0.0, 0.0, 0.0]
[(3.25, 19.25), [True]]:[0.0, 0.0, 0.0, 0.0, 0.0, 0.0, 0.0]
[(3.75, 18.75), [True]]:[0.0, 0.0, 0.0, 0.0, 0.0, 0.0, 0.0]
[(3.75, 19.25), [True]]:[0.0, 0.0, 0.0, 0.0, 0.0, 0.0, 0.0]
[(6.75, 18.5), [True]]:[0.0, 0.0, 0.0, 0.0, 0.0, 0.0, 0.0]
[(7.25, 18.75), [True]]:[0.0, 0.0, 0.0, 0.0, 0.0, 0.0, 0.0]
[(8.0, 19.25), [True]]:[0.0, 0.0, 0.0, 0.0, 0.0, 0.0, 0.0]
[(5.5, 18.75), [True]]:[0.0, 0.0, 0.0, 0.0, 0.0, 0.0, 0.0]
[(5.0, 18.25), [True]]:[0.0, 0.0, 0.0, 0.0, 0.0, 0.0, 0.0]
[(5.5, 18.0), [True]]:[0.0, 0.0, 0.0, 0.0, 0.0, 0.0, 0.0]
[(7.75, 20.25), [True]]:[0.0, 0.0, 0.0, 0.0, 0.0, 0.0, 0.0]
[(10.5, 20.0), [True]]:[0.0, 0.0, 0.0, 0.0, 0.0, 0.0, 0.0]
[(9.25, 19.5), [True]]:[0.0, 0.0, 0.0, 0.0, 0.0, 0.0, 0.0]
[(8.75, 19.75), [True]]:[0.0, 0.0, 0.0, 0.0, 0.0, 0.0, 0.0]
[(8.75, 20.25), [True]]:[0.0, 0.0, 0.0, 0.0, 0.0, 0.0, 0.0]
[(7.75, 20.0), [True]]:[0.0, 0.0, 0.0, 0.0, 0.0, 0.0, 0.0]
[(5.5, 19.25), [True]]:[0.0, 0.0, 0.0, 0.0, 0.0, 0.0, 0.0]
[(4.5, 18.0), [True]]:[0.0, 0.0, 0.0, 0.0, 0.0, 0.0, 0.0]
[(3.5, 18.25), [True]]:[0.0, 0.0, 0.0, 0.0, 0.0, 0.0, 0.0]
[(3.5, 18.75), [True]]:[0.0, 0.0, 0.0, 0.0, 0.0, 0.0, 0.0]
[(1.25, 19.0), [True]]:[0.0, 0.0, 0.0, 0.0, 0.0, 0.0, 0.0]
[(1.25, 18.5), [True]]:[0.0, 0.0, 0.0, 0.0, 0.0, 0.0, 0.0]
[(0.75, 18.0), [True]]:[0.0, 0.0, 0.0, 0.0, 0.0, 0.0, 0.0]
[(0.75, 18.25), [True]]:[0.0, 0.0, 0.0, 0.0, 0.0, 0.0, 0.0]
[(0.75, 18.75), [True]]:[0.0, 0.0, 0.0, 0.0, 0.0, 0.0, 0.0]
[(1.25, 19.25), [True]]:[0.0, 0.0, 0.0, 0.0, 0.0, 0.0, 0.0]
[(0.75, 19.5), [True]]:[0.0, 0.0, 0.0, 0.0, 0.0, 0.0, 0.0]
[(1.25, 19.5), [True]]:[0.0, 0.0, 0.0, 0.0, 0.0, 0.0, 0.0]
[(2.0, 17.75), [True]]:[0.0, 0.0, 0.0, 0.0, 0.0, 0.0, 0.0]
[(2.0, 16.75), [True]]:[0.0, 0.0, 0.0, 0.0, 0.0, 0.0, 0.0]
[(2.0, 16.5), [True]]:[0.0, 0.0, 0.0, 0.0, 0.0, 0.0, 0.0]
[(2.25, 16.75), [True]]:[0.0, 0.0, 0.0, 0.0, 0.0, 0.0, 0.0]
[(2.25, 17.0), [True]]:[0.0, 0.0, 0.0, 0.0, 0.0, 0.0, 0.0]
[(0.75, 19.0), [True]]:[0.0, 0.0, 0.0, 0.0, 0.0, 0.0, 0.0]
[(1.25, 18.0), [True]]:[0.0, 0.0, 0.0, 0.0, 0.0, 0.0, 0.0]
[(0.25, 18.0), [True]]:[0.0, 0.0, 0.0, 0.0, 0.0, 0.0, 0.0]
[(2.0, 19.0), [True]]:[0.0, 0.0, 0.0, 0.0, 0.0, 0.0, 0.0]
[(3.5, 11.0), [True]]:[0.0, 0.0, 0.0, 0.0, 0.0, 0.0, 0.0]
[(4.75, 10.0), [True]]:[0.0, 0.0, 0.0, 0.0, 0.0, 0.0, 0.0]
[(4.75, 8.5), [True]]:[0.0, 0.0, 0.0, 0.0, 0.0, 0.0, 0.0]
[(4.0, 8.5), [True]]:[0.0, 0.0, 0.0, 0.0, 0.0, 0.0, 0.0]
[(3.0, 9.5), [True]]:[0.0, 0.0, 0.0, 0.0, 0.0, 0.0, 0.0]
[(2.5, 10.25), [True]]:[0.0, 0.0, 0.0, 0.0, 0.0, 0.0, 0.0]
[(2.5, 10.75), [True]]:[0.0, 0.0, 0.0, 0.0, 0.0, 0.0, 0.0]
[(2.0, 11.5), [True]]:[0.0, 0.0, 0.0, 0.0, 0.0, 0.0, 0.0]
[(1.75, 11.75), [True]]:[0.0, 0.0, 0.0, 0.0, 0.0, 0.0, 0.0]
[(1.75, 12.25), [True]]:[0.0, 0.0, 0.0, 0.0, 0.0, 0.0, 0.0]
[(1.75, 13.0), [True]]:[0.0, 0.0, 0.0, 0.0, 0.0, 0.0, 0.0]
[(1.75, 13.5), [True]]:[0.0, 0.0, 0.0, 0.0, 0.0, 0.0, 0.0]
[(1.75, 14.25), [True]]:[0.0, 0.0, 0.0, 0.0, 0.0, 0.0, 0.0]
[(1.75, 14.75), [True]]:[0.0, 0.0, 0.0, 0.0, 0.0, 0.0, 0.0]
[(1.75, 15.5), [True]]:[0.0, 0.0, 0.0, 0.0, 0.0, 0.0, 0.0]
[(1.75, 16.0), [True]]:[0.0, 0.0, 0.0, 0.0, 0.0, 0.0, 0.0]
[(1.75, 16.5), [True]]:[0.0, 0.0, 0.0, 0.0, 0.0, 0.0, 0.0]
[(1.75, 17.25), [True]]:[0.0, 0.0, 0.0, 0.0, 0.0, 0.0, 0.0]
[(2.75, 19.25), [True]]:[0.0, 0.0, 0.0, 0.0, 0.0, 0.0, 0.0]
[(2.75, 18.5), [True]]:[0.0, 0.0, 0.0, 0.0, 0.0, 0.0, 0.0]
[(12.5, 18.25), [True]]:[0.0, 0.0, 0.0, 0.0, 0.0, 0.0, 0.0]
[(13.0, 18.5), [True]]:[0.0, 0.0, 0.0, 0.0, 0.0, 0.0, 0.0]
[(13.0, 19.25), [True]]:[0.0, 0.0, 0.0, 0.0, 0.0, 0.0, 0.0]
[(13.0, 19.75), [True]]:[0.0, 0.0, 0.0, 0.0, 0.0, 0.0, 0.0]
[(12.5, 19.0), [True]]:[0.0, 0.0, 0.0, 0.0, 0.0, 0.0, 0.0]
[(11.75, 18.5), [True]]:[0.0, 0.0, 0.0, 0.0, 0.0, 0.0, 0.0]
[(11.75, 18.0), [True]]:[0.0, 0.0, 0.0, 0.0, 0.0, 0.0, 0.0]
[(13.5, 18.75), [True]]:[0.0, 0.0, 0.0, 0.0, 0.0, 0.0, 0.0]
[(13.0, 20.25), [True]]:[0.0, 0.0, 0.0, 0.0, 0.0, 0.0, 0.0]
[(12.75, 20.5), [True]]:[0.0, 0.0, 0.0, 0.0, 0.0, 0.0, 0.0]
[(13.25, 20.25), [True]]:[0.0, 0.0, 0.0, 0.0, 0.0, 0.0, 0.0]
[(11.0, 18.25), [True]]:[0.0, 0.0, 0.0, 0.0, 0.0, 0.0, 0.0]
[(10.5, 18.0), [True]]:[0.0, 0.0, 0.0, 0.0, 0.0, 0.0, 0.0]
[(9.0, 18.25), [True]]:[0.0, 0.0, 0.0, 0.0, 0.0, 0.0, 0.0]
[(7.75, 19.25), [True]]:[0.0, 0.0, 0.0, 0.0, 0.0, 0.0, 0.0]
[(12.25, 18.25), [True]]:[0.0, 0.0, 0.0, 0.0, 0.0, 0.0, 0.0]
[(11.25, 18.0), [True]]:[0.0, 0.0, 0.0, 0.0, 0.0, 0.0, 0.0]
[(10.75, 18.0), [True]]:[0.0, 0.0, 0.0, 0.0, 0.0, 0.0, 0.0]
[(12.25, 18.5), [True]]:[0.0, 0.0, 0.0, 0.0, 0.0, 0.0, 0.0]
[(12.75, 18.75), [True]]:[0.0, 0.0, 0.0, 0.0, 0.0, 0.0, 0.0]
[(12.75, 19.25), [True]]:[0.0, 0.0, 0.0, 0.0, 0.0, 0.0, 0.0]
[(12.75, 20.25), [True]]:[0.0, 0.0, 0.0, 0.0, 0.0, 0.0, 0.0]
[(11.75, 19.5), [True]]:[0.0, 0.0, 0.0, 0.0, 0.0, 0.0, 0.0]
[(11.75, 19.75), [True]]:[0.0, 0.0, 0.0, 0.0, 0.0, 0.0, 0.0]
[(11.75, 20.25), [True]]:[0.0, 0.0, 0.0, 0.0, 0.0, 0.0, 0.0]
[(12.25, 19.5), [True]]:[0.0, 0.0, 0.0, 0.0, 0.0, 0.0, 0.0]
[(12.75, 18.25), [True]]:[0.0, 0.0, 0.0, 0.0, 0.0, 0.0, 0.0]
[(12.75, 18.5), [True]]:[0.0, 0.0, 0.0, 0.0, 0.0, 0.0, 0.0]
[(12.25, 19.25), [True]]:[0.0, 0.0, 0.0, 0.0, 0.0, 0.0, 0.0]
[(12.25, 19.75), [True]]:[0.0, 0.0, 0.0, 0.0, 0.0, 0.0, 0.0]
[(10.75, 18.5), [True]]:[0.0, 0.0, 0.0, 0.0, 0.0, 0.0, 0.0]
[(9.5, 19.25), [True]]:[0.0, 0.0, 0.0, 0.0, 0.0, 0.0, 0.0]
[(9.0, 19.75), [True]]:[0.0, 0.0, 0.0, 0.0, 0.0, 0.0, 0.0]
[(7.5, 20.0), [True]]:[0.0, 0.0, 0.0, 0.0, 0.0, 0.0, 0.0]
[(8.0, 18.5), [True]]:[0.0, 0.0, 0.0, 0.0, 0.0, 0.0, 0.0]
[(7.5, 18.25), [True]]:[0.0, 0.0, 0.0, 0.0, 0.0, 0.0, 0.0]
[(7.0, 18.25), [True]]:[0.0, 0.0, 0.0, 0.0, 0.0, 0.0, 0.0]
[(11.25, 18.25), [True]]:[0.0, 0.0, 0.0, 0.0, 0.0, 0.0, 0.0]
[(12.25, 18.0), [True]]:[0.0, 0.0, 0.0, 0.0, 0.0, 0.0, 0.0]
[(12.0, 18.25), [True]]:[0.0, 0.0, 0.0, 0.0, 0.0, 0.0, 0.0]
[(11.5, 18.0), [True]]:[0.0, 0.0, 0.0, 0.0, 0.0, 0.0, 0.0]
[(11.0, 18.0), [True]]:[0.0, 0.0, 0.0, 0.0, 0.0, 0.0, 0.0]
[(10.5, 18.75), [True]]:[0.0, 0.0, 0.0, 0.0, 0.0, 0.0, 0.0]
[(10.5, 19.0), [True]]:[0.0, 0.0, 0.0, 0.0, 0.0, 0.0, 0.0]
[(13.75, 19.5), [True]]:[0.0, 0.0, 0.0, 0.0, 0.0, 0.0, 0.0]
[(14.25, 19.5), [True]]:[0.0, 0.0, 0.0, 0.0, 0.0, 0.0, 0.0]
[(14.25, 19.0), [True]]:[0.0, 0.0, 0.0, 0.0, 0.0, 0.0, 0.0]
[(14.25, 18.5), [True]]:[0.0, 0.0, 0.0, 0.0, 0.0, 0.0, 0.0]
[(14.25, 18.25), [True]]:[0.0, 0.0, 0.0, 0.0, 0.0, 0.0, 0.0]
[(13.25, 19.25), [True]]:[0.0, 0.0, 0.0, 0.0, 0.0, 0.0, 0.0]
[(12.75, 20.0), [True]]:[0.0, 0.0, 0.0, 0.0, 0.0, 0.0, 0.0]
[(15.25, 18.0), [True]]:[0.0, 0.0, 0.0, 0.0, 0.0, 0.0, 0.0]
[(15.75, 18.0), [True]]:[0.0, 0.0, 0.0, 0.0, 0.0, 0.0, 0.0]
[(16.5, 18.5), [True]]:[0.0, 0.0, 0.0, 0.0, 0.0, 0.0, 0.0]
[(17.5, 19.0), [True]]:[0.0, 0.0, 0.0, 0.0, 0.0, 0.0, 0.0]
[(18.0, 19.25), [True]]:[0.0, 0.0, 0.0, 0.0, 0.0, 0.0, 0.0]
[(18.5, 19.5), [True]]:[0.0, 0.0, 0.0, 0.0, 0.0, 0.0, 0.0]
[(4.0, 10.0), [True]]:[0.0, 0.0, 0.0, 0.0, 0.0, 0.0, 0.0]
[(2.5, 10.5), [True]]:[0.0, 0.0, 0.0, 0.0, 0.0, 0.0, 0.0]
[(7.5, 19.5), [True]]:[0.0, 0.0, 0.0, 0.0, 0.0, 0.0, 0.0]
[(7.0, 20.25), [True]]:[0.0, 0.0, 0.0, 0.0, 0.0, 0.0, 0.0]
[(12.25, 20.25), [True]]:[0.0, 0.0, 0.0, 0.0, 0.0, 0.0, 0.0]
[(14.75, 19.0), [True]]:[0.0, 0.0, 0.0, 0.0, 0.0, 0.0, 0.0]
[(14.75, 18.5), [True]]:[0.0, 0.0, 0.0, 0.0, 0.0, 0.0, 0.0]
[(14.75, 18.75), [True]]:[0.0, 0.0, 0.0, 0.0, 0.0, 0.0, 0.0]
[(14.75, 19.25), [True]]:[0.0, 0.0, 0.0, 0.0, 0.0, 0.0, 0.0]
[(13.75, 18.5), [True]]:[0.0, 0.0, 0.0, 0.0, 0.0, 0.0, 0.0]
[(11.5, 18.5), [True]]:[0.0, 0.0, 0.0, 0.0, 0.0, 0.0, 0.0]
[(12.0, 19.25), [True]]:[0.0, 0.0, 0.0, 0.0, 0.0, 0.0, 0.0]
[(11.5, 19.75), [True]]:[0.0, 0.0, 0.0, 0.0, 0.0, 0.0, 0.0]
[(11.0, 19.75), [True]]:[0.0, 0.0, 0.0, 0.0, 0.0, 0.0, 0.0]
[(11.0, 20.25), [True]]:[0.0, 0.0, 0.0, 0.0, 0.0, 0.0, 0.0]
[(9.5, 19.5), [True]]:[0.0, 0.0, 0.0, 0.0, 0.0, 0.0, 0.0]
[(8.5, 19.25), [True]]:[0.0, 0.0, 0.0, 0.0, 0.0, 0.0, 0.0]
[(7.75, 19.75), [True]]:[0.0, 0.0, 0.0, 0.0, 0.0, 0.0, 0.0]
[(7.75, 18.5), [True]]:[0.0, 0.0, 0.0, 0.0, 0.0, 0.0, 0.0]
[(7.25, 18.25), [True]]:[0.0, 0.0, 0.0, 0.0, 0.0, 0.0, 0.0]
[(7.75, 19.5), [True]]:[0.0, 0.0, 0.0, 0.0, 0.0, 0.0, 0.0]
[(10.5, 19.75), [True]]:[0.0, 0.0, 0.0, 0.0, 0.0, 0.0, 0.0]
[(10.0, 19.5), [True]]:[0.0, 0.0, 0.0, 0.0, 0.0, 0.0, 0.0]
[(9.0, 18.5), [True]]:[0.0, 0.0, 0.0, 0.0, 0.0, 0.0, 0.0]
[(7.75, 18.0), [True]]:[0.0, 0.0, 0.0, 0.0, 0.0, 0.0, 0.0]
[(5.75, 18.5), [True]]:[0.0, 0.0, 0.0, 0.0, 0.0, 0.0, 0.0]
[(4.0, 19.25), [True]]:[0.0, 0.0, 0.0, 0.0, 0.0, 0.0, 0.0]
[(1.75, 17.5), [True]]:[0.0, 0.0, 0.0, 0.0, 0.0, 0.0, 0.0]
[(0.25, 19.0), [True]]:[0.0, 0.0, 0.0, 0.0, 0.0, 0.0, 0.0]
[(1.75, 19.5), [True]]:[0.0, 0.0, 0.0, 0.0, 0.0, 0.0, 0.0]
[(3.0, 19.0), [True]]:[0.0, 0.0, 0.0, 0.0, 0.0, 0.0, 0.0]
[(1.75, 19.0), [True]]:[0.0, 0.0, 0.0, 0.0, 0.0, 0.0, 0.0]
[(1.25, 18.25), [True]]:[0.0, 0.0, 0.0, 0.0, 0.0, 0.0, 0.0]
[(1.25, 18.75), [True]]:[0.0, 0.0, 0.0, 0.0, 0.0, 0.0, 0.0]
[(0.25, 18.5), [True]]:[0.0, 0.0, 0.0, 0.0, 0.0, 0.0, 0.0]
[(1.75, 17.0), [True]]:[0.0, 0.0, 0.0, 0.0, 0.0, 0.0, 0.0]
[(3.0, 18.25), [True]]:[0.0, 0.0, 0.0, 0.0, 0.0, 0.0, 0.0]
[(2.25, 17.25), [True]]:[0.0, 0.0, 0.0, 0.0, 0.0, 0.0, 0.0]
[(2.25, 17.75), [True]]:[0.0, 0.0, 0.0, 0.0, 0.0, 0.0, 0.0]
[(5.0, 19.0), [True]]:[0.0, 0.0, 0.0, 0.0, 0.0, 0.0, 0.0]
[(5.0, 18.5), [True]]:[0.0, 0.0, 0.0, 0.0, 0.0, 0.0, 0.0]
[(4.0, 18.75), [True]]:[0.0, 0.0, 0.0, 0.0, 0.0, 0.0, 0.0]
[(2.25, 19.0), [True]]:[0.0, 0.0, 0.0, 0.0, 0.0, 0.0, 0.0]
[(0.25, 19.5), [True]]:[0.0, 0.0, 0.0, 0.0, 0.0, 0.0, 0.0]
[(3.5, 10.5), [True]]:[0.0, 0.0, 0.0, 0.0, 0.0, 0.0, 0.0]
[(3.0, 9.75), [True]]:[0.0, 0.0, 0.0, 0.0, 0.0, 0.0, 0.0]
[(4.0, 10.25), [True]]:[0.0, 0.0, 0.0, 0.0, 0.0, 0.0, 0.0]
[(5.75, 10.25), [True]]:[-9.499999050000024, 0.0, -9.499999050000026, 0.0, 0.0, 0.0, 0.0]
[(5.25, 11.0), [True]]:[-135.49999322500003, -450.0, -180.499990975, -1355.0, -499.99999525000004, -220.99998895000002, -1487.795]
[(4.75, 11.5), [True]]:[-1719.5, -1999.999985, -1719.5, -1719.5, -2381.94998328, -2412.04999653725, -1719.5]
[(3.0, 9.25), [True]]:[0.0, 0.0, 0.0, 0.0, 0.0, 0.0, 0.0]
[(7.25, 18.5), [True]]:[0.0, 0.0, 0.0, 0.0, 0.0, 0.0, 0.0]
[(13.25, 18.5), [True]]:[0.0, 0.0, 0.0, 0.0, 0.0, 0.0, 0.0]
[(13.25, 19.75), [True]]:[0.0, 0.0, 0.0, 0.0, 0.0, 0.0, 0.0]
[(12.0, 19.0), [True]]:[0.0, 0.0, 0.0, 0.0, 0.0, 0.0, 0.0]
[(12.0, 18.75), [True]]:[0.0, 0.0, 0.0, 0.0, 0.0, 0.0, 0.0]
[(12.0, 19.5), [True]]:[0.0, 0.0, 0.0, 0.0, 0.0, 0.0, 0.0]
[(11.5, 19.5), [True]]:[0.0, 0.0, 0.0, 0.0, 0.0, 0.0, 0.0]
[(12.5, 18.75), [True]]:[0.0, 0.0, 0.0, 0.0, 0.0, 0.0, 0.0]
[(14.0, 18.25), [True]]:[0.0, 0.0, 0.0, 0.0, 0.0, 0.0, 0.0]
[(14.0, 18.5), [True]]:[0.0, 0.0, 0.0, 0.0, 0.0, 0.0, 0.0]
[(14.0, 18.0), [True]]:[0.0, 0.0, 0.0, 0.0, 0.0, 0.0, 0.0]
[(15.75, 19.0), [True]]:[0.0, 0.0, 0.0, 0.0, 0.0, 0.0, 0.0]
[(16.25, 18.0), [True]]:[0.0, 0.0, 0.0, 0.0, 0.0, 0.0, 0.0]
[(15.75, 18.25), [True]]:[0.0, 0.0, 0.0, 0.0, 0.0, 0.0, 0.0]
[(15.25, 18.75), [True]]:[0.0, 0.0, 0.0, 0.0, 0.0, 0.0, 0.0]
[(16.25, 18.25), [True]]:[0.0, 0.0, 0.0, 0.0, 0.0, 0.0, 0.0]
[(16.75, 18.75), [True]]:[0.0, 0.0, 0.0, 0.0, 0.0, 0.0, 0.0]
[(17.75, 19.5), [True]]:[0.0, 0.0, 0.0, 0.0, 0.0, 0.0, 0.0]
[(17.25, 18.5), [True]]:[0.0, 0.0, 0.0, 0.0, 0.0, 0.0, 0.0]
[(15.25, 18.5), [True]]:[0.0, 0.0, 0.0, 0.0, 0.0, 0.0, 0.0]
[(16.25, 19.25), [True]]:[0.0, 0.0, 0.0, 0.0, 0.0, 0.0, 0.0]
[(14.75, 18.0), [True]]:[0.0, 0.0, 0.0, 0.0, 0.0, 0.0, 0.0]
[(12.5, 19.5), [True]]:[0.0, 0.0, 0.0, 0.0, 0.0, 0.0, 0.0]
[(9.75, 19.0), [True]]:[0.0, 0.0, 0.0, 0.0, 0.0, 0.0, 0.0]
[(9.25, 18.75), [True]]:[0.0, 0.0, 0.0, 0.0, 0.0, 0.0, 0.0]
[(9.25, 18.25), [True]]:[0.0, 0.0, 0.0, 0.0, 0.0, 0.0, 0.0]
[(9.25, 18.0), [True]]:[0.0, 0.0, 0.0, 0.0, 0.0, 0.0, 0.0]
[(9.25, 19.0), [True]]:[0.0, 0.0, 0.0, 0.0, 0.0, 0.0, 0.0]
[(9.25, 20.25), [True]]:[0.0, 0.0, 0.0, 0.0, 0.0, 0.0, 0.0]
[(11.5, 20.0), [True]]:[0.0, 0.0, 0.0, 0.0, 0.0, 0.0, 0.0]
[(13.25, 18.75), [True]]:[0.0, 0.0, 0.0, 0.0, 0.0, 0.0, 0.0]
[(14.5, 18.0), [True]]:[0.0, 0.0, 0.0, 0.0, 0.0, 0.0, 0.0]
[(15.0, 18.0), [True]]:[0.0, 0.0, 0.0, 0.0, 0.0, 0.0, 0.0]
[(16.0, 18.25), [True]]:[0.0, 0.0, 0.0, 0.0, 0.0, 0.0, 0.0]
[(15.5, 18.5), [True]]:[0.0, 0.0, 0.0, 0.0, 0.0, 0.0, 0.0]
[(16.0, 18.75), [True]]:[0.0, 0.0, 0.0, 0.0, 0.0, 0.0, 0.0]
[(16.5, 19.0), [True]]:[0.0, 0.0, 0.0, 0.0, 0.0, 0.0, 0.0]
[(17.0, 19.25), [True]]:[0.0, 0.0, 0.0, 0.0, 0.0, 0.0, 0.0]
[(17.5, 19.5), [True]]:[0.0, 0.0, 0.0, 0.0, 0.0, 0.0, 0.0]
[(17.0, 19.0), [True]]:[0.0, 0.0, 0.0, 0.0, 0.0, 0.0, 0.0]
[(18.0, 19.5), [True]]:[0.0, 0.0, 0.0, 0.0, 0.0, 0.0, 0.0]
[(16.5, 19.5), [True]]:[0.0, 0.0, 0.0, 0.0, 0.0, 0.0, 0.0]
[(14.5, 18.75), [True]]:[0.0, 0.0, 0.0, 0.0, 0.0, 0.0, 0.0]
[(15.0, 18.75), [True]]:[0.0, 0.0, 0.0, 0.0, 0.0, 0.0, 0.0]
[(15.5, 19.25), [True]]:[0.0, 0.0, 0.0, 0.0, 0.0, 0.0, 0.0]
[(16.0, 19.5), [True]]:[0.0, 0.0, 0.0, 0.0, 0.0, 0.0, 0.0]
[(18.0, 18.5), [True]]:[0.0, 0.0, 0.0, 0.0, 0.0, 0.0, 0.0]
[(16.5, 18.75), [True]]:[0.0, 0.0, 0.0, 0.0, 0.0, 0.0, 0.0]
[(15.5, 19.5), [True]]:[0.0, 0.0, 0.0, 0.0, 0.0, 0.0, 0.0]
[(3.5, 9.5), [True]]:[0.0, 0.0, 0.0, 0.0, 0.0, 0.0, 0.0]
[(3.5, 9.25), [True]]:[0.0, 0.0, 0.0, 0.0, 0.0, 0.0, 0.0]
[(2.0, 11.25), [True]]:[0.0, 0.0, 0.0, 0.0, 0.0, 0.0, 0.0]
[(1.5, 11.5), [True]]:[0.0, 0.0, 0.0, 0.0, 0.0, 0.0, 0.0]
[(1.0, 11.5), [True]]:[0.0, 0.0, 0.0, 0.0, 0.0, 0.0, 0.0]
[(0.5, 11.0), [True]]:[0.0, 0.0, 0.0, 0.0, 0.0, 0.0, 0.0]
[(0.0, 9.5), [True]]:[0.0, 0.0, 0.0, 0.0, 0.0, 0.0, 0.0]
[(0.0, 10.5), [True]]:[0.0, 0.0, 0.0, 0.0, 0.0, 0.0, 0.0]
[(0.0, 11.25), [True]]:[0.0, 0.0, 0.0, 0.0, 0.0, 0.0, 0.0]
[(0.0, 11.0), [True]]:[0.0, 0.0, 0.0, 0.0, 0.0, 0.0, 0.0]
[(0.0, 9.0), [True]]:[0.0, 0.0, 0.0, 0.0, 0.0, 0.0, 0.0]
[(0.0, 8.75), [True]]:[0.0, 0.0, 0.0, 0.0, 0.0, 0.0, 0.0]
[(0.0, 8.5), [True]]:[0.0, 0.0, 0.0, 0.0, 0.0, 0.0, 0.0]
[(1.0, 11.25), [True]]:[0.0, 0.0, 0.0, 0.0, 0.0, 0.0, 0.0]
[(2.25, 12.5), [True]]:[0.0, 0.0, 0.0, 0.0, 0.0, 0.0, 0.0]
[(2.25, 13.25), [True]]:[0.0, 0.0, 0.0, 0.0, 0.0, 0.0, 0.0]
[(2.25, 13.75), [True]]:[0.0, 0.0, 0.0, 0.0, 0.0, 0.0, 0.0]
[(2.25, 14.5), [True]]:[0.0, 0.0, 0.0, 0.0, 0.0, 0.0, 0.0]
[(2.25, 15.0), [True]]:[0.0, 0.0, 0.0, 0.0, 0.0, 0.0, 0.0]
[(2.25, 15.5), [True]]:[0.0, 0.0, 0.0, 0.0, 0.0, 0.0, 0.0]
[(2.25, 16.25), [True]]:[0.0, 0.0, 0.0, 0.0, 0.0, 0.0, 0.0]
[(10.25, 18.75), [True]]:[0.0, 0.0, 0.0, 0.0, 0.0, 0.0, 0.0]
[(16.75, 18.5), [True]]:[0.0, 0.0, 0.0, 0.0, 0.0, 0.0, 0.0]
[(16.75, 19.0), [True]]:[0.0, 0.0, 0.0, 0.0, 0.0, 0.0, 0.0]
[(17.75, 18.75), [True]]:[0.0, 0.0, 0.0, 0.0, 0.0, 0.0, 0.0]
[(18.25, 19.25), [True]]:[0.0, 0.0, 0.0, 0.0, 0.0, 0.0, 0.0]
[(18.25, 19.5), [True]]:[0.0, 0.0, 0.0, 0.0, 0.0, 0.0, 0.0]
[(21.25, 20.5), [True]]:[-500.0, -500.0, -879.1897346503649, -500.0, 0.0, 0.0, 0.0]
[(2.5, 10.0), [True]]:[0.0, 0.0, 0.0, 0.0, 0.0, 0.0, 0.0]
[(2.5, 9.75), [True]]:[0.0, 0.0, 0.0, 0.0, 0.0, 0.0, 0.0]
[(2.5, 9.5), [True]]:[0.0, 0.0, 0.0, 0.0, 0.0, 0.0, 0.0]
[(2.5, 9.25), [True]]:[0.0, 0.0, 0.0, 0.0, 0.0, 0.0, 0.0]
[(2.0, 11.0), [True]]:[0.0, 0.0, 0.0, 0.0, 0.0, 0.0, 0.0]
[(2.0, 10.75), [True]]:[0.0, 0.0, 0.0, 0.0, 0.0, 0.0, 0.0]
[(2.0, 12.25), [True]]:[0.0, 0.0, 0.0, 0.0, 0.0, 0.0, 0.0]
[(2.0, 13.0), [True]]:[0.0, 0.0, 0.0, 0.0, 0.0, 0.0, 0.0]
[(2.0, 13.5), [True]]:[0.0, 0.0, 0.0, 0.0, 0.0, 0.0, 0.0]
[(2.0, 14.25), [True]]:[0.0, 0.0, 0.0, 0.0, 0.0, 0.0, 0.0]
[(2.0, 14.75), [True]]:[0.0, 0.0, 0.0, 0.0, 0.0, 0.0, 0.0]
[(2.0, 15.5), [True]]:[0.0, 0.0, 0.0, 0.0, 0.0, 0.0, 0.0]
[(2.0, 16.0), [True]]:[0.0, 0.0, 0.0, 0.0, 0.0, 0.0, 0.0]
[(1.75, 18.5), [True]]:[0.0, 0.0, 0.0, 0.0, 0.0, 0.0, 0.0]
[(9.5, 19.75), [True]]:[0.0, 0.0, 0.0, 0.0, 0.0, 0.0, 0.0]
[(11.5, 19.0), [True]]:[0.0, 0.0, 0.0, 0.0, 0.0, 0.0, 0.0]
[(8.75, 18.25), [True]]:[0.0, 0.0, 0.0, 0.0, 0.0, 0.0, 0.0]
[(8.25, 18.0), [True]]:[0.0, 0.0, 0.0, 0.0, 0.0, 0.0, 0.0]
[(7.75, 18.25), [True]]:[0.0, 0.0, 0.0, 0.0, 0.0, 0.0, 0.0]
[(8.25, 20.0), [True]]:[0.0, 0.0, 0.0, 0.0, 0.0, 0.0, 0.0]
[(8.25, 19.5), [True]]:[0.0, 0.0, 0.0, 0.0, 0.0, 0.0, 0.0]
[(8.25, 19.0), [True]]:[0.0, 0.0, 0.0, 0.0, 0.0, 0.0, 0.0]
[(8.25, 18.75), [True]]:[0.0, 0.0, 0.0, 0.0, 0.0, 0.0, 0.0]
[(8.25, 20.25), [True]]:[0.0, 0.0, 0.0, 0.0, 0.0, 0.0, 0.0]
[(10.25, 18.5), [True]]:[0.0, 0.0, 0.0, 0.0, 0.0, 0.0, 0.0]
[(10.25, 18.25), [True]]:[0.0, 0.0, 0.0, 0.0, 0.0, 0.0, 0.0]
[(10.25, 18.0), [True]]:[0.0, 0.0, 0.0, 0.0, 0.0, 0.0, 0.0]
[(8.5, 19.75), [True]]:[0.0, 0.0, 0.0, 0.0, 0.0, 0.0, 0.0]
[(9.0, 20.25), [True]]:[0.0, 0.0, 0.0, 0.0, 0.0, 0.0, 0.0]
[(7.5, 18.75), [True]]:[0.0, 0.0, 0.0, 0.0, 0.0, 0.0, 0.0]
[(11.25, 19.25), [True]]:[0.0, 0.0, 0.0, 0.0, 0.0, 0.0, 0.0]
[(10.75, 19.75), [True]]:[0.0, 0.0, 0.0, 0.0, 0.0, 0.0, 0.0]
[(10.25, 20.25), [True]]:[0.0, 0.0, 0.0, 0.0, 0.0, 0.0, 0.0]
[(9.75, 18.25), [True]]:[0.0, 0.0, 0.0, 0.0, 0.0, 0.0, 0.0]
[(9.25, 18.5), [True]]:[0.0, 0.0, 0.0, 0.0, 0.0, 0.0, 0.0]
[(8.75, 18.75), [True]]:[0.0, 0.0, 0.0, 0.0, 0.0, 0.0, 0.0]
[(4.0, 18.5), [True]]:[0.0, 0.0, 0.0, 0.0, 0.0, 0.0, 0.0]
[(2.25, 18.25), [True]]:[0.0, 0.0, 0.0, 0.0, 0.0, 0.0, 0.0]
[(1.0, 10.0), [True]]:[0.0, 0.0, 0.0, 0.0, 0.0, 0.0, 0.0]
[(0.5, 9.75), [True]]:[0.0, 0.0, 0.0, 0.0, 0.0, 0.0, 0.0]
[(0.5, 8.75), [True]]:[0.0, 0.0, 0.0, 0.0, 0.0, 0.0, 0.0]
[(1.0, 9.0), [True]]:[0.0, 0.0, 0.0, 0.0, 0.0, 0.0, 0.0]
[(1.0, 9.25), [True]]:[0.0, 0.0, 0.0, 0.0, 0.0, 0.0, 0.0]
[(1.5, 9.75), [True]]:[0.0, 0.0, 0.0, 0.0, 0.0, 0.0, 0.0]
[(2.0, 10.25), [True]]:[0.0, 0.0, 0.0, 0.0, 0.0, 0.0, 0.0]
[(3.0, 10.75), [True]]:[0.0, 0.0, 0.0, 0.0, 0.0, 0.0, 0.0]
[(6.5, 19.25), [True]]:[0.0, 0.0, 0.0, 0.0, 0.0, 0.0, 0.0]
[(4.0, 18.25), [True]]:[0.0, 0.0, 0.0, 0.0, 0.0, 0.0, 0.0]
[(4.5, 19.25), [True]]:[0.0, 0.0, 0.0, 0.0, 0.0, 0.0, 0.0]
[(10.0, 19.25), [True]]:[0.0, 0.0, 0.0, 0.0, 0.0, 0.0, 0.0]
[(12.0, 19.75), [True]]:[0.0, 0.0, 0.0, 0.0, 0.0, 0.0, 0.0]
[(12.0, 20.25), [True]]:[0.0, 0.0, 0.0, 0.0, 0.0, 0.0, 0.0]
[(14.5, 19.5), [True]]:[0.0, 0.0, 0.0, 0.0, 0.0, 0.0, 0.0]
[(9.75, 18.0), [True]]:[0.0, 0.0, 0.0, 0.0, 0.0, 0.0, 0.0]
[(8.75, 19.5), [True]]:[0.0, 0.0, 0.0, 0.0, 0.0, 0.0, 0.0]
[(9.25, 20.0), [True]]:[0.0, 0.0, 0.0, 0.0, 0.0, 0.0, 0.0]
[(11.5, 20.25), [True]]:[0.0, 0.0, 0.0, 0.0, 0.0, 0.0, 0.0]
[(8.75, 19.0), [True]]:[0.0, 0.0, 0.0, 0.0, 0.0, 0.0, 0.0]
[(10.0, 18.25), [True]]:[0.0, 0.0, 0.0, 0.0, 0.0, 0.0, 0.0]
[(8.5, 18.5), [True]]:[0.0, 0.0, 0.0, 0.0, 0.0, 0.0, 0.0]
[(4.25, 18.75), [True]]:[0.0, 0.0, 0.0, 0.0, 0.0, 0.0, 0.0]
[(15.0, 19.25), [True]]:[0.0, 0.0, 0.0, 0.0, 0.0, 0.0, 0.0]
[(16.0, 19.0), [True]]:[0.0, 0.0, 0.0, 0.0, 0.0, 0.0, 0.0]
[(16.0, 18.5), [True]]:[0.0, 0.0, 0.0, 0.0, 0.0, 0.0, 0.0]
[(14.5, 18.25), [True]]:[0.0, 0.0, 0.0, 0.0, 0.0, 0.0, 0.0]
[(8.75, 20.0), [True]]:[0.0, 0.0, 0.0, 0.0, 0.0, 0.0, 0.0]
[(10.75, 18.75), [True]]:[0.0, 0.0, 0.0, 0.0, 0.0, 0.0, 0.0]
[(10.25, 19.25), [True]]:[0.0, 0.0, 0.0, 0.0, 0.0, 0.0, 0.0]
[(13.5, 19.0), [True]]:[0.0, 0.0, 0.0, 0.0, 0.0, 0.0, 0.0]
[(8.75, 18.0), [True]]:[0.0, 0.0, 0.0, 0.0, 0.0, 0.0, 0.0]
[(8.25, 18.5), [True]]:[0.0, 0.0, 0.0, 0.0, 0.0, 0.0, 0.0]
[(6.0, 18.25), [True]]:[0.0, 0.0, 0.0, 0.0, 0.0, 0.0, 0.0]
[(5.0, 19.25), [True]]:[0.0, 0.0, 0.0, 0.0, 0.0, 0.0, 0.0]
[(4.75, 9.75), [True]]:[0.0, 0.0, 0.0, 0.0, 0.0, 0.0, 0.0]
[(5.75, 9.25), [True]]:[0.0, 0.0, 0.0, 0.0, 0.0, 0.0, 0.0]
[(2.0, 10.0), [True]]:[0.0, 0.0, 0.0, 0.0, 0.0, 0.0, 0.0]
[(11.0, 19.25), [True]]:[0.0, 0.0, 0.0, 0.0, 0.0, 0.0, 0.0]
[(10.5, 18.5), [True]]:[0.0, 0.0, 0.0, 0.0, 0.0, 0.0, 0.0]
[(6.75, 20.25), [True]]:[0.0, 0.0, 0.0, 0.0, 0.0, 0.0, 0.0]
[(2.75, 18.25), [True]]:[0.0, 0.0, 0.0, 0.0, 0.0, 0.0, 0.0]
[(4.25, 18.5), [True]]:[0.0, 0.0, 0.0, 0.0, 0.0, 0.0, 0.0]
[(7.5, 19.75), [True]]:[0.0, 0.0, 0.0, 0.0, 0.0, 0.0, 0.0]
[(12.25, 20.0), [True]]:[0.0, 0.0, 0.0, 0.0, 0.0, 0.0, 0.0]
[(2.0, 9.5), [True]]:[0.0, 0.0, 0.0, 0.0, 0.0, 0.0, 0.0]
[(1.5, 9.25), [True]]:[0.0, 0.0, 0.0, 0.0, 0.0, 0.0, 0.0]
[(2.0, 9.0), [True]]:[0.0, 0.0, 0.0, 0.0, 0.0, 0.0, 0.0]
[(2.5, 8.75), [True]]:[0.0, 0.0, 0.0, 0.0, 0.0, 0.0, 0.0]
[(3.0, 8.5), [True]]:[0.0, 0.0, 0.0, 0.0, 0.0, 0.0, 0.0]
[(3.5, 8.5), [True]]:[0.0, 0.0, 0.0, 0.0, 0.0, 0.0, 0.0]
[(4.0, 8.75), [True]]:[0.0, 0.0, 0.0, 0.0, 0.0, 0.0, 0.0]
[(5.25, 9.0), [True]]:[0.0, 0.0, 0.0, 0.0, 0.0, 0.0, 0.0]
[(6.25, 10.0), [True]]:[0.0, 0.0, 0.0, 0.0, 0.0, 0.0, 0.0]
[(6.75, 10.5), [True]]:[-9.499999050000024, 0.0, -49.999997500000006, 0.0, 0.0, 0.0, 0.0]
[(7.25, 11.25), [True]]:[-999.9999975, 0.0, 0.0, -1809.999995475, 0.0, -500.0, -500.0]
[(7.5, 20.25), [True]]:[0.0, 0.0, 0.0, 0.0, 0.0, 0.0, 0.0]
[(9.5, 18.75), [True]]:[0.0, 0.0, 0.0, 0.0, 0.0, 0.0, 0.0]
[(14.0, 19.25), [True]]:[0.0, 0.0, 0.0, 0.0, 0.0, 0.0, 0.0]
[(11.75, 19.25), [True]]:[0.0, 0.0, 0.0, 0.0, 0.0, 0.0, 0.0]
[(11.25, 19.75), [True]]:[0.0, 0.0, 0.0, 0.0, 0.0, 0.0, 0.0]
[(10.5, 20.25), [True]]:[0.0, 0.0, 0.0, 0.0, 0.0, 0.0, 0.0]
[(14.25, 19.25), [True]]:[0.0, 0.0, 0.0, 0.0, 0.0, 0.0, 0.0]
[(15.25, 19.0), [True]]:[0.0, 0.0, 0.0, 0.0, 0.0, 0.0, 0.0]
[(15.75, 18.5), [True]]:[0.0, 0.0, 0.0, 0.0, 0.0, 0.0, 0.0]
[(16.75, 19.25), [True]]:[0.0, 0.0, 0.0, 0.0, 0.0, 0.0, 0.0]
[(18.5, 19.0), [True]]:[0.0, 0.0, 0.0, 0.0, 0.0, 0.0, 0.0]
[(19.0, 19.25), [True]]:[0.0, 0.0, 0.0, 0.0, 0.0, 0.0, 0.0]
[(18.0, 19.0), [True]]:[0.0, 0.0, 0.0, 0.0, 0.0, 0.0, 0.0]
[(17.25, 18.25), [True]]:[0.0, 0.0, 0.0, 0.0, 0.0, 0.0, 0.0]
[(17.25, 18.75), [True]]:[0.0, 0.0, 0.0, 0.0, 0.0, 0.0, 0.0]
[(18.5, 18.0), [True]]:[0.0, 0.0, 0.0, 0.0, 0.0, 0.0, 0.0]
[(19.0, 18.0), [True]]:[0.0, 0.0, 0.0, 0.0, 0.0, 0.0, 0.0]
[(21.0, 19.0), [True]]:[-257.0308493939189, -287.1488422249154, 0.0, 0.0, -18.914016009192196, -54.62149448297265, -7.69499923050002]
[(21.0, 19.25), [True]]:[-505.75897338508577, -315.04425655682246, 0.0, -978.1956309125213, -507.0087993754755, -852.863891200741, -575.7945243114083]
[(21.25, 19.75), [True]]:[-313.18203417687255, -968.2311312759167, -424.9134274745276, -413.42357932882, -733.7945387154514, -367.20498163975, -286.64319116783986]
[(21.75, 20.25), [True]]:[-1719.5, -1404.9999975, -2723.045014886786, -1719.5, -1719.5, -1719.5, -1719.5]
[(21.75, 20.75), [True]]:[0.0, 0.0, 0.0, 0.0, 0.0, 0.0, 0.0]
[(19.5, 19.0), [True]]:[0.0, 0.0, 0.0, 0.0, 0.0, 0.0, 0.0]
[(19.5, 18.5), [True]]:[0.0, 0.0, 0.0, 0.0, 0.0, 0.0, 0.0]
[(19.5, 18.0), [True]]:[0.0, 0.0, 0.0, 0.0, 0.0, 0.0, 0.0]
[(20.0, 18.0), [True]]:[0.0, 0.0, 0.0, 0.0, 0.0, 0.0, 0.0]
[(20.5, 18.0), [True]]:[0.0, 0.0, 0.0, 0.0, 0.0, 0.0, 0.0]
[(17.75, 18.25), [True]]:[0.0, 0.0, 0.0, 0.0, 0.0, 0.0, 0.0]
[(17.75, 18.5), [True]]:[0.0, 0.0, 0.0, 0.0, 0.0, 0.0, 0.0]
[(21.0, 20.0), [True]]:[-6449.861228755938, -6486.100381379766, -6436.268718117853, -6653.229762672714, -6349.165581871829, -6576.718445390632, -6369.756289241309]
[(5.75, 9.0), [True]]:[0.0, 0.0, 0.0, 0.0, 0.0, 0.0, 0.0]
[(6.25, 9.75), [True]]:[0.0, 0.0, 0.0, 0.0, 0.0, 0.0, 0.0]
[(6.75, 10.25), [True]]:[0.0, 0.0, 0.0, 0.0, 0.0, 0.0, 0.0]
[(6.75, 11.0), [True]]:[-500.0, -500.0, -500.0, 0.0, 0.0, 0.0, 0.0]
[(6.75, 11.5), [True]]:[-1719.5, -950.0, -1355.0, -950.0, -2658.5154975, -500.0, -500.0]
[(6.75, 11.75), [True]]:[0.0, 0.0, 0.0, 0.0, 0.0, 0.0, 0.0]
[(5.75, 10.5), [True]]:[-49.999997500000006, -85.499995725, 0.0, 0.0, -44.999997750000006, 0.0, 0.0]
[(5.75, 11.25), [True]]:[-1355.0, -1936.4499891525002, -1355.0, -1355.0, -1719.5, -1355.0, -1355.0]
[(5.75, 11.5), [True]]:[-1355.0, -1355.0, -2047.55, -2133.0499957250004, -1449.9999952499998, -950.0, -950.0]
[(2.0, 9.25), [True]]:[0.0, 0.0, 0.0, 0.0, 0.0, 0.0, 0.0]
[(2.0, 8.75), [True]]:[0.0, 0.0, 0.0, 0.0, 0.0, 0.0, 0.0]
[(1.5, 8.75), [True]]:[0.0, 0.0, 0.0, 0.0, 0.0, 0.0, 0.0]
[(2.0, 8.5), [True]]:[0.0, 0.0, 0.0, 0.0, 0.0, 0.0, 0.0]
[(2.5, 8.5), [True]]:[0.0, 0.0, 0.0, 0.0, 0.0, 0.0, 0.0]
[(1.0, 9.75), [True]]:[0.0, 0.0, 0.0, 0.0, 0.0, 0.0, 0.0]
[(1.0, 10.5), [True]]:[0.0, 0.0, 0.0, 0.0, 0.0, 0.0, 0.0]
[(0.5, 8.5), [True]]:[0.0, 0.0, 0.0, 0.0, 0.0, 0.0, 0.0]
[(1.0, 8.75), [True]]:[0.0, 0.0, 0.0, 0.0, 0.0, 0.0, 0.0]
[(1.5, 9.0), [True]]:[0.0, 0.0, 0.0, 0.0, 0.0, 0.0, 0.0]
[(1.5, 9.5), [True]]:[0.0, 0.0, 0.0, 0.0, 0.0, 0.0, 0.0]
[(1.5, 11.25), [True]]:[0.0, 0.0, 0.0, 0.0, 0.0, 0.0, 0.0]
[(2.25, 19.25), [True]]:[0.0, 0.0, 0.0, 0.0, 0.0, 0.0, 0.0]
[(3.75, 19.0), [True]]:[0.0, 0.0, 0.0, 0.0, 0.0, 0.0, 0.0]
[(9.0, 19.25), [True]]:[0.0, 0.0, 0.0, 0.0, 0.0, 0.0, 0.0]
[(15.0, 19.5), [True]]:[0.0, 0.0, 0.0, 0.0, 0.0, 0.0, 0.0]
[(16.25, 19.0), [True]]:[0.0, 0.0, 0.0, 0.0, 0.0, 0.0, 0.0]
[(14.5, 19.0), [True]]:[0.0, 0.0, 0.0, 0.0, 0.0, 0.0, 0.0]
[(14.5, 19.25), [True]]:[0.0, 0.0, 0.0, 0.0, 0.0, 0.0, 0.0]
[(15.5, 19.0), [True]]:[0.0, 0.0, 0.0, 0.0, 0.0, 0.0, 0.0]
[(18.25, 18.0), [True]]:[0.0, 0.0, 0.0, 0.0, 0.0, 0.0, 0.0]
[(18.75, 18.0), [True]]:[0.0, 0.0, 0.0, 0.0, 0.0, 0.0, 0.0]
[(19.25, 18.0), [True]]:[0.0, 0.0, 0.0, 0.0, 0.0, 0.0, 0.0]
[(21.0, 18.0), [True]]:[0.0, 0.0, 0.0, 0.0, 0.0, 0.0, 0.0]
[(20.0, 18.25), [True]]:[0.0, 0.0, 0.0, 0.0, 0.0, 0.0, 0.0]
[(20.0, 18.75), [True]]:[0.0, 0.0, 0.0, 0.0, 0.0, 0.0, 0.0]
[(20.5, 19.0), [True]]:[-10.57036043296388, 0.0, 0.0, -17.284171955619794, 0.0, 0.0, -2.101324684025505]
[(21.0, 20.25), [True]]:[-3202.7744149051528, -3232.1475295575374, -3178.317259342537, -3097.7799752193932, -3175.0906491098626, -3049.095625829067, -3210.8189246690836]
[(1.5, 17.75), [True]]:[0.0, 0.0, 0.0, 0.0, 0.0, 0.0, 0.0]
[(18.75, 18.5), [True]]:[0.0, 0.0, 0.0, 0.0, 0.0, 0.0, 0.0]
[(18.25, 19.0), [True]]:[0.0, 0.0, 0.0, 0.0, 0.0, 0.0, 0.0]
[(21.0, 20.5), [True]]:[-4443.266327361516, -4791.89749567955, -4641.7377031704655, -5123.21953603143, -4555.50430736727, -5117.9587178675665, -4583.83391302384]
[(8.0, 19.75), [True]]:[0.0, 0.0, 0.0, 0.0, 0.0, 0.0, 0.0]
[(4.25, 18.25), [True]]:[0.0, 0.0, 0.0, 0.0, 0.0, 0.0, 0.0]
[(4.75, 18.75), [True]]:[0.0, 0.0, 0.0, 0.0, 0.0, 0.0, 0.0]
[(4.75, 19.25), [True]]:[0.0, 0.0, 0.0, 0.0, 0.0, 0.0, 0.0]
[(8.25, 18.25), [True]]:[0.0, 0.0, 0.0, 0.0, 0.0, 0.0, 0.0]
[(9.75, 18.75), [True]]:[0.0, 0.0, 0.0, 0.0, 0.0, 0.0, 0.0]
[(9.75, 19.5), [True]]:[0.0, 0.0, 0.0, 0.0, 0.0, 0.0, 0.0]
[(12.5, 20.25), [True]]:[0.0, 0.0, 0.0, 0.0, 0.0, 0.0, 0.0]
[(8.25, 19.75), [True]]:[0.0, 0.0, 0.0, 0.0, 0.0, 0.0, 0.0]
[(9.25, 19.25), [True]]:[0.0, 0.0, 0.0, 0.0, 0.0, 0.0, 0.0]
[(9.75, 20.0), [True]]:[0.0, 0.0, 0.0, 0.0, 0.0, 0.0, 0.0]
[(11.25, 20.25), [True]]:[0.0, 0.0, 0.0, 0.0, 0.0, 0.0, 0.0]
[(9.75, 18.5), [True]]:[0.0, 0.0, 0.0, 0.0, 0.0, 0.0, 0.0]
[(2.5, 17.75), [True]]:[0.0, 0.0, 0.0, 0.0, 0.0, 0.0, 0.0]
[(6.25, 9.5), [True]]:[0.0, 0.0, 0.0, 0.0, 0.0, 0.0, 0.0]
[(6.25, 9.25), [True]]:[0.0, 0.0, 0.0, 0.0, 0.0, 0.0, 0.0]
[(4.0, 9.0), [True]]:[0.0, 0.0, 0.0, 0.0, 0.0, 0.0, 0.0]
[(5.25, 9.25), [True]]:[0.0, 0.0, 0.0, 0.0, 0.0, 0.0, 0.0]
[(6.25, 11.25), [True]]:[-999.9999975, -999.9999975, -500.0, -999.9999975, -2342.795, -500.0, -1355.0]
[(18.5, 18.5), [True]]:[0.0, 0.0, 0.0, 0.0, 0.0, 0.0, 0.0]
[(15.25, 18.25), [True]]:[0.0, 0.0, 0.0, 0.0, 0.0, 0.0, 0.0]
[(21.0, 20.75), [True]]:[0.0, 0.0, 0.0, 0.0, 0.0, 0.0, 0.0]
[(0.5, 11.25), [True]]:[0.0, 0.0, 0.0, 0.0, 0.0, 0.0, 0.0]
[(1.0, 10.75), [True]]:[0.0, 0.0, 0.0, 0.0, 0.0, 0.0, 0.0]
[(4.5, 18.5), [True]]:[0.0, 0.0, 0.0, 0.0, 0.0, 0.0, 0.0]
[(4.0, 10.75), [True]]:[0.0, 0.0, 0.0, -1251.2408800760154, -694.0297421765605, -820.3552970709758, -723.6470330351558]
[(13.25, 18.25), [True]]:[0.0, 0.0, 0.0, 0.0, 0.0, 0.0, 0.0]
[(10.0, 18.5), [True]]:[0.0, 0.0, 0.0, 0.0, 0.0, 0.0, 0.0]
[(15.5, 18.75), [True]]:[0.0, 0.0, 0.0, 0.0, 0.0, 0.0, 0.0]
[(17.5, 18.75), [True]]:[0.0, 0.0, 0.0, 0.0, 0.0, 0.0, 0.0]
[(15.5, 18.25), [True]]:[0.0, 0.0, 0.0, 0.0, 0.0, 0.0, 0.0]
[(18.75, 19.0), [True]]:[0.0, 0.0, 0.0, 0.0, 0.0, 0.0, 0.0]
[(18.0, 18.25), [True]]:[0.0, 0.0, 0.0, 0.0, 0.0, 0.0, 0.0]
[(20.75, 19.0), [True]]:[-5.609654439034516, 0.0, 0.0, -4.0894380860561625, 0.0, -61.505971566094765, -12.372642280751279]
[(20.25, 18.5), [True]]:[0.0, 0.0, 0.0, 0.0, 0.0, 0.0, 0.0]
[(19.75, 18.0), [True]]:[0.0, 0.0, 0.0, 0.0, 0.0, 0.0, 0.0]
[(19.25, 18.25), [True]]:[0.0, 0.0, 0.0, 0.0, 0.0, 0.0, 0.0]
[(18.75, 18.75), [True]]:[0.0, 0.0, 0.0, 0.0, 0.0, 0.0, 0.0]
[(20.25, 19.0), [True]]:[0.0, 0.0, 0.0, 0.0, 0.0, 0.0, 0.0]
[(20.75, 18.5), [True]]:[0.0, 0.0, 0.0, 0.0, 0.0, 0.0, 0.0]
[(20.25, 18.0), [True]]:[0.0, 0.0, 0.0, 0.0, 0.0, 0.0, 0.0]
[(20.75, 17.75), [True]]:[0.0, 0.0, 0.0, 0.0, 0.0, 0.0, 0.0]
[(20.25, 17.75), [True]]:[0.0, 0.0, 0.0, 0.0, 0.0, 0.0, 0.0]
[(19.75, 17.75), [True]]:[0.0, 0.0, 0.0, 0.0, 0.0, 0.0, 0.0]
[(19.25, 17.75), [True]]:[0.0, 0.0, 0.0, 0.0, 0.0, 0.0, 0.0]
[(18.75, 18.25), [True]]:[0.0, 0.0, 0.0, 0.0, 0.0, 0.0, 0.0]
[(19.25, 19.0), [True]]:[0.0, 0.0, 0.0, 0.0, 0.0, 0.0, 0.0]
[(19.75, 18.5), [True]]:[0.0, 0.0, 0.0, 0.0, 0.0, 0.0, 0.0]
[(19.25, 18.5), [True]]:[0.0, 0.0, 0.0, 0.0, 0.0, 0.0, 0.0]
[(19.75, 19.25), [True]]:[0.0, 0.0, 0.0, 0.0, 0.0, 0.0, 0.0]
[(15.0, 18.5), [True]]:[0.0, 0.0, 0.0, 0.0, 0.0, 0.0, 0.0]
[(15.0, 19.0), [True]]:[0.0, 0.0, 0.0, 0.0, 0.0, 0.0, 0.0]
[(6.75, 9.5), [True]]:[0.0, 0.0, 0.0, 0.0, 0.0, 0.0, 0.0]
[(7.25, 9.25), [True]]:[0.0, 0.0, 0.0, 0.0, 0.0, 0.0, 0.0]
[(7.75, 9.0), [True]]:[0.0, 0.0, 0.0, 0.0, 0.0, 0.0, 0.0]
[(8.5, 9.25), [True]]:[0.0, 0.0, 0.0, 0.0, 0.0, 0.0, 0.0]
[(9.0, 9.75), [True]]:[0.0, 0.0, 0.0, 0.0, 0.0, 0.0, 0.0]
[(9.5, 10.5), [True]]:[0.0, 0.0, 0.0, 0.0, 0.0, 0.0, 0.0]
[(10.0, 11.0), [True]]:[-500.0, 0.0, -950.0, -500.0, 0.0, 0.0, 0.0]
[(9.5, 11.75), [True]]:[0.0, 0.0, 0.0, 0.0, 0.0, 0.0, 0.0]
[(12.5, 19.25), [True]]:[0.0, 0.0, 0.0, 0.0, 0.0, 0.0, 0.0]
[(0.5, 9.5), [True]]:[0.0, 0.0, 0.0, 0.0, 0.0, 0.0, 0.0]
[(1.0, 9.5), [True]]:[0.0, 0.0, 0.0, 0.0, 0.0, 0.0, 0.0]
[(0.5, 9.0), [True]]:[0.0, 0.0, 0.0, 0.0, 0.0, 0.0, 0.0]
[(0.5, 10.25), [True]]:[0.0, 0.0, 0.0, 0.0, 0.0, 0.0, 0.0]
[(0.75, 19.25), [True]]:[0.0, 0.0, 0.0, 0.0, 0.0, 0.0, 0.0]
[(0.75, 18.5), [True]]:[0.0, 0.0, 0.0, 0.0, 0.0, 0.0, 0.0]
[(0.25, 19.25), [True]]:[0.0, 0.0, 0.0, 0.0, 0.0, 0.0, 0.0]
[(2.25, 16.5), [True]]:[0.0, 0.0, 0.0, 0.0, 0.0, 0.0, 0.0]
[(1.0, 17.75), [True]]:[0.0, 0.0, 0.0, 0.0, 0.0, 0.0, 0.0]
[(0.5, 17.75), [True]]:[0.0, 0.0, 0.0, 0.0, 0.0, 0.0, 0.0]
[(18.25, 18.75), [True]]:[0.0, 0.0, 0.0, 0.0, 0.0, 0.0, 0.0]
[(1.0, 8.5), [True]]:[0.0, 0.0, 0.0, 0.0, 0.0, 0.0, 0.0]
[(16.5, 18.25), [True]]:[0.0, 0.0, 0.0, 0.0, 0.0, 0.0, 0.0]
[(20.0, 19.0), [True]]:[0.0, 0.0, 0.0, 0.0, 0.0, 0.0, 0.0]
[(21.25, 20.0), [True]]:[-5505.097004809292, -4522.858002275307, -5186.835720354976, -5470.371283087866, -6196.375629275464, -6300.828752996095, -5371.612150360822]
[(3.0, 17.75), [True]]:[0.0, 0.0, 0.0, 0.0, 0.0, 0.0, 0.0]
[(1.75, 18.25), [True]]:[0.0, 0.0, 0.0, 0.0, 0.0, 0.0, 0.0]
[(3.5, 8.75), [True]]:[0.0, 0.0, 0.0, 0.0, 0.0, 0.0, 0.0]
[(6.25, 10.75), [True]]:[-49.999997500000006, -49.999997500000006, -49.999997500000006, 0.0, 0.0, 0.0, 0.0]
[(6.25, 11.5), [True]]:[-1355.0, -1355.0, -1719.5, -950.0, -950.0, -1355.0, -1399.99999775]
[(12.5, 18.5), [True]]:[0.0, 0.0, 0.0, 0.0, 0.0, 0.0, 0.0]
[(12.5, 19.75), [True]]:[0.0, 0.0, 0.0, 0.0, 0.0, 0.0, 0.0]
[(8.75, 19.25), [True]]:[0.0, 0.0, 0.0, 0.0, 0.0, 0.0, 0.0]
[(9.25, 19.75), [True]]:[0.0, 0.0, 0.0, 0.0, 0.0, 0.0, 0.0]
[(16.5, 19.25), [True]]:[0.0, 0.0, 0.0, 0.0, 0.0, 0.0, 0.0]
[(17.5, 18.5), [True]]:[0.0, 0.0, 0.0, 0.0, 0.0, 0.0, 0.0]
[(17.5, 19.25), [True]]:[0.0, 0.0, 0.0, 0.0, 0.0, 0.0, 0.0]
[(15.25, 19.25), [True]]:[0.0, 0.0, 0.0, 0.0, 0.0, 0.0, 0.0]
[(13.75, 19.25), [True]]:[0.0, 0.0, 0.0, 0.0, 0.0, 0.0, 0.0]
[(19.75, 18.25), [True]]:[0.0, 0.0, 0.0, 0.0, 0.0, 0.0, 0.0]
[(20.75, 18.75), [True]]:[-61.505971566094765, 0.0, 0.0, -74.83041226314697, 0.0, 0.0, 0.0]
[(21.25, 19.0), [True]]:[-4.999999475000015, -0.6925498961175055, 0.0, 0.0, 0.0, 0.0, -35.60086536466975]
[(20.75, 19.25), [True]]:[-214.0466499899343, 0.0, 0.0, -475.36355483866083, -24.840964102617388, -138.62720165218957, -176.75434811728218]
[(3.0, 9.0), [True]]:[0.0, 0.0, 0.0, 0.0, 0.0, 0.0, 0.0]
[(6.0, 11.5), [True]]:[0.0, 0.0, 0.0, 0.0, 0.0, 0.0, 0.0]
[(2.0, 11.75), [True]]:[0.0, 0.0, 0.0, 0.0, 0.0, 0.0, 0.0]
[(7.75, 19.0), [True]]:[0.0, 0.0, 0.0, 0.0, 0.0, 0.0, 0.0]
[(18.5, 18.25), [True]]:[0.0, 0.0, 0.0, 0.0, 0.0, 0.0, 0.0]
[(18.5, 18.75), [True]]:[0.0, 0.0, 0.0, 0.0, 0.0, 0.0, 0.0]
[(20.75, 18.0), [True]]:[0.0, 0.0, 0.0, 0.0, 0.0, 0.0, 0.0]
[(21.25, 17.75), [True]]:[0.0, 0.0, 0.0, 0.0, 0.0, 0.0, 0.0]
[(21.75, 17.5), [True]]:[0.0, 0.0, 0.0, 0.0, 0.0, 0.0, 0.0]
[(22.25, 17.5), [True]]:[0.0, 0.0, 0.0, 0.0, 0.0, 0.0, 0.0]
[(19.0, 19.0), [True]]:[0.0, 0.0, 0.0, 0.0, 0.0, 0.0, 0.0]
[(19.0, 18.5), [True]]:[0.0, 0.0, 0.0, 0.0, 0.0, 0.0, 0.0]
[(20.25, 18.25), [True]]:[0.0, 0.0, 0.0, 0.0, 0.0, 0.0, 0.0]
[(20.25, 18.75), [True]]:[0.0, 0.0, 0.0, 0.0, 0.0, 0.0, 0.0]
[(20.25, 19.25), [True]]:[0.0, 0.0, 0.0, 0.0, 0.0, 0.0, 0.0]
[(19.5, 18.75), [True]]:[0.0, 0.0, 0.0, 0.0, 0.0, 0.0, 0.0]
[(9.75, 19.75), [True]]:[0.0, 0.0, 0.0, 0.0, 0.0, 0.0, 0.0]
[(13.5, 19.25), [True]]:[0.0, 0.0, 0.0, 0.0, 0.0, 0.0, 0.0]
[(3.5, 17.75), [True]]:[0.0, 0.0, 0.0, 0.0, 0.0, 0.0, 0.0]
[(20.5, 18.5), [True]]:[0.0, 0.0, 0.0, 0.0, 0.0, 0.0, 0.0]
[(20.5, 18.25), [True]]:[0.0, 0.0, 0.0, 0.0, 0.0, 0.0, 0.0]
[(20.5, 18.75), [True]]:[-2.657204734279507, 0.0, 0.0, -13.158448684155035, 0.0, 0.0, -2.952449704755008]
[(20.5, 19.25), [True]]:[-146.2996839829358, 0.0, 0.0, -1630.0777828279438, -143.12057849535987, -129.42779635017092, -109.77521323100095]
[(5.25, 10.25), [True]]:[-9.499999050000024, 0.0, 0.0, 0.0, 0.0, 0.0, 0.0]
[(5.75, 10.75), [True]]:[-44.999997750000006, -49.999997500000006, -359.5099820245, -94.99999525, -94.99999525, 0.0, 0.0]
[(19.0, 18.75), [True]]:[0.0, 0.0, 0.0, 0.0, 0.0, 0.0, 0.0]
[(21.25, 17.5), [True]]:[0.0, 0.0, 0.0, 0.0, 0.0, 0.0, 0.0]
[(22.25, 17.0), [True]]:[0.0, 0.0, 0.0, 0.0, 0.0, 0.0, 0.0]
[(22.25, 16.5), [True]]:[0.0, 0.0, 0.0, 0.0, 0.0, 0.0, 0.0]
[(22.25, 16.75), [True]]:[0.0, 0.0, 0.0, 0.0, 0.0, 0.0, 0.0]
[(22.25, 17.25), [True]]:[0.0, 0.0, 0.0, 0.0, 0.0, 0.0, 0.0]
[(20.75, 18.25), [True]]:[0.0, 0.0, 0.0, 0.0, 0.0, 0.0, 0.0]
[(21.0, 17.75), [True]]:[0.0, 0.0, 0.0, 0.0, 0.0, 0.0, 0.0]
[(20.0, 18.5), [True]]:[0.0, 0.0, 0.0, 0.0, 0.0, 0.0, 0.0]
[(21.75, 20.5), [True]]:[-950.0, -999.9999975, -1354.076411553313, -500.0, -500.0, -1355.0, -950.0]
[(0.5, 10.0), [True]]:[0.0, 0.0, 0.0, 0.0, 0.0, 0.0, 0.0]
[(0.5, 10.75), [True]]:[0.0, 0.0, 0.0, 0.0, 0.0, 0.0, 0.0]
[(0.5, 9.25), [True]]:[0.0, 0.0, 0.0, 0.0, 0.0, 0.0, 0.0]
[(1.5, 8.5), [True]]:[0.0, 0.0, 0.0, 0.0, 0.0, 0.0, 0.0]
[(3.5, 11.25), [True]]:[0.0, 0.0, 0.0, 0.0, 0.0, 0.0, 0.0]
[(3.0, 10.25), [True]]:[0.0, 0.0, 0.0, 0.0, 0.0, 0.0, 0.0]
[(16.0, 19.25), [True]]:[0.0, 0.0, 0.0, 0.0, 0.0, 0.0, 0.0]
[(19.25, 18.75), [True]]:[0.0, 0.0, 0.0, 0.0, 0.0, 0.0, 0.0]
[(19.75, 18.75), [True]]:[0.0, 0.0, 0.0, 0.0, 0.0, 0.0, 0.0]
[(11.5, 19.25), [True]]:[0.0, 0.0, 0.0, 0.0, 0.0, 0.0, 0.0]
[(1.25, 17.75), [True]]:[0.0, 0.0, 0.0, 0.0, 0.0, 0.0, 0.0]
[(0.75, 17.75), [True]]:[0.0, 0.0, 0.0, 0.0, 0.0, 0.0, 0.0]
[(2.75, 17.75), [True]]:[0.0, 0.0, 0.0, 0.0, 0.0, 0.0, 0.0]
[(8.75, 18.5), [True]]:[0.0, 0.0, 0.0, 0.0, 0.0, 0.0, 0.0]
[(6.25, 10.25), [True]]:[0.0, 0.0, 0.0, 0.0, 0.0, 0.0, 0.0]
[(6.75, 10.75), [True]]:[-49.999997500000006, 0.0, 0.0, 0.0, 0.0, 0.0, 0.0]
[(7.25, 11.5), [True]]:[-500.0, -500.0, -950.0, -500.0, -950.0, 0.0, -500.0]
[(7.5, 11.5), [True]]:[0.0, 0.0, 0.0, 0.0, 0.0, 0.0, 0.0]
[(1.5, 10.0), [True]]:[0.0, 0.0, 0.0, 0.0, 0.0, 0.0, 0.0]
[(0.25, 17.75), [True]]:[0.0, 0.0, 0.0, 0.0, 0.0, 0.0, 0.0]
[(6.25, 11.0), [True]]:[-499.99999525000004, -94.99999525, -500.0, -328.05, -544.99999525, -135.49999322500003, -450.0]
[(21.0, 19.5), [True]]:[-882.3192716445592, -911.4681498891922, -840.8673685752874, -811.8220584704899, -758.3087615347915, -725.4166773249067, -642.852556356666]
[(21.5, 20.0), [True]]:[-2342.795, -2146.329495061025, -2312.829484893275, -2342.795, -2342.795, -2047.55, -2047.55]
[(22.0, 20.75), [True]]:[0.0, 0.0, 0.0, 0.0, 0.0, 0.0, 0.0]
[(3.5, 10.75), [True]]:[0.0, 0.0, 0.0, 0.0, 0.0, 0.0, 0.0]
[(9.75, 20.25), [True]]:[0.0, 0.0, 0.0, 0.0, 0.0, 0.0, 0.0]
[(17.25, 19.0), [True]]:[0.0, 0.0, 0.0, 0.0, 0.0, 0.0, 0.0]
[(19.5, 19.25), [True]]:[0.0, 0.0, 0.0, 0.0, 0.0, 0.0, 0.0]
[(5.25, 11.5), [True]]:[-950.0, -500.0, -500.0, -500.0, -950.0, -500.0, -950.0]
[(1.5, 11.0), [True]]:[0.0, 0.0, 0.0, 0.0, 0.0, 0.0, 0.0]
[(2.25, 13.0), [True]]:[0.0, 0.0, 0.0, 0.0, 0.0, 0.0, 0.0]
[(2.25, 14.25), [True]]:[0.0, 0.0, 0.0, 0.0, 0.0, 0.0, 0.0]
[(4.0, 11.25), [True]]:[0.0, 0.0, 0.0, -500.0, 0.0, -2108.5155, 0.0]
[(4.75, 10.25), [True]]:[-18.04999819500005, 0.0, 0.0, 0.0, 0.0, 0.0, 0.0]
[(4.75, 10.75), [True]]:[-297.3015351349225, -94.99999525, 0.0, 0.0, -490.5254101987283, -139.99999300000002, 0.0]
[(7.75, 18.75), [True]]:[0.0, 0.0, 0.0, 0.0, 0.0, 0.0, 0.0]
[(1.75, 19.25), [True]]:[0.0, 0.0, 0.0, 0.0, 0.0, 0.0, 0.0]
[(1.0, 10.25), [True]]:[0.0, 0.0, 0.0, 0.0, 0.0, 0.0, 0.0]
[(1.5, 10.75), [True]]:[0.0, 0.0, 0.0, 0.0, 0.0, 0.0, 0.0]
[(4.75, 11.25), [True]]:[-3725.827127878348, -3907.9069954995, -838.7643044168374, -3970.5443395267557, -3765.517084013, -3099.2520179097505, -3325.8627960372505]
[(5.0, 11.5), [True]]:[0.0, 0.0, 0.0, 0.0, 0.0, 0.0, 0.0]
[(0.25, 18.25), [True]]:[0.0, 0.0, 0.0, 0.0, 0.0, 0.0, 0.0]
[(0.25, 18.75), [True]]:[0.0, 0.0, 0.0, 0.0, 0.0, 0.0, 0.0]
[(19.75, 19.0), [True]]:[0.0, 0.0, 0.0, 0.0, 0.0, 0.0, 0.0]
[(20.75, 17.5), [True]]:[0.0, 0.0, 0.0, 0.0, 0.0, 0.0, 0.0]
[(20.75, 17.25), [True]]:[0.0, 0.0, 0.0, 0.0, 0.0, 0.0, 0.0]
[(20.75, 17.0), [True]]:[0.0, 0.0, 0.0, 0.0, 0.0, 0.0, 0.0]
[(20.75, 19.75), [True]]:[-1881.7183446811664, 0.0, 0.0, -2601.1226445044013, -969.6058012686794, -1757.7232891011422, -2225.755120580703]
[(20.75, 20.25), [True]]:[-215.5869992969165, -4874.84222475034, 0.0, -6738.394723669647, -687.6128101833073, -443.9642924631476, -468.95573215020903]
[(5.25, 11.25), [True]]:[-2608.5155, -2658.5154975, -2092.5499977500003, -2342.795, -3099.3475531775002, -2342.795, -2047.55]
[(5.25, 8.5), [True]]:[0.0, 0.0, 0.0, 0.0, 0.0, 0.0, 0.0]
[(5.25, 10.75), [True]]:[-139.99999300000002, -135.499993225, -257.44998712750004, -293.89998530500003, -139.99999300000002, -139.99999300000002, -135.499993225]
[(5.25, 11.75), [True]]:[0.0, 0.0, 0.0, 0.0, 0.0, 0.0, 0.0]
[(2.0, 12.75), [True]]:[0.0, 0.0, 0.0, 0.0, 0.0, 0.0, 0.0]
[(1.75, 18.75), [True]]:[0.0, 0.0, 0.0, 0.0, 0.0, 0.0, 0.0]
[(20.0, 19.25), [True]]:[0.0, 0.0, 0.0, 0.0, 0.0, 0.0, 0.0]
[(21.0, 18.5), [True]]:[0.0, 0.0, 0.0, 0.0, 0.0, 0.0, 0.0]
[(20.5, 17.75), [True]]:[0.0, 0.0, 0.0, 0.0, 0.0, 0.0, 0.0]
[(5.5, 11.5), [True]]:[0.0, 0.0, 0.0, 0.0, 0.0, 0.0, 0.0]
[(3.25, 17.75), [True]]:[0.0, 0.0, 0.0, 0.0, 0.0, 0.0, 0.0]
[(3.5, 10.25), [True]]:[0.0, 0.0, 0.0, 0.0, 0.0, 0.0, 0.0]
[(2.25, 15.75), [True]]:[0.0, 0.0, 0.0, 0.0, 0.0, 0.0, 0.0]
[(2.0, 14.0), [True]]:[0.0, 0.0, 0.0, 0.0, 0.0, 0.0, 0.0]
[(2.0, 15.25), [True]]:[0.0, 0.0, 0.0, 0.0, 0.0, 0.0, 0.0]
[(21.0, 18.25), [True]]:[0.0, 0.0, 0.0, 0.0, 0.0, 0.0, 0.0]
[(1.75, 12.0), [True]]:[0.0, 0.0, 0.0, 0.0, 0.0, 0.0, 0.0]
[(21.0, 18.75), [True]]:[-93.98904540938305, -39.23505140090206, 0.0, 0.0, -8.633258142824458, -7.694999157397526, -75.00187017389678]
[(6.25, 8.75), [True]]:[0.0, 0.0, 0.0, 0.0, 0.0, 0.0, 0.0]
[(6.75, 8.75), [True]]:[0.0, 0.0, 0.0, 0.0, 0.0, 0.0, 0.0]
[(7.25, 8.5), [True]]:[0.0, 0.0, 0.0, 0.0, 0.0, 0.0, 0.0]
[(7.75, 8.5), [True]]:[0.0, 0.0, 0.0, 0.0, 0.0, 0.0, 0.0]
[(8.5, 8.75), [True]]:[0.0, 0.0, 0.0, 0.0, 0.0, 0.0, 0.0]
[(7.75, 8.75), [True]]:[0.0, 0.0, 0.0, 0.0, 0.0, 0.0, 0.0]
[(7.25, 9.0), [True]]:[0.0, 0.0, 0.0, 0.0, 0.0, 0.0, 0.0]
[(9.5, 10.25), [True]]:[0.0, 0.0, 0.0, 0.0, 0.0, 0.0, 0.0]
[(9.5, 10.75), [True]]:[0.0, 0.0, 0.0, 0.0, 0.0, 0.0, 0.0]
[(9.5, 11.25), [True]]:[0.0, -500.0, 0.0, 0.0, 0.0, 0.0, 0.0]
[(5.75, 9.5), [True]]:[0.0, 0.0, 0.0, 0.0, 0.0, 0.0, 0.0]
[(6.75, 9.25), [True]]:[0.0, 0.0, 0.0, 0.0, 0.0, 0.0, 0.0]
[(7.25, 9.75), [True]]:[0.0, 0.0, 0.0, 0.0, 0.0, 0.0, 0.0]
[(8.5, 10.75), [True]]:[0.0, 0.0, 0.0, 0.0, 0.0, 0.0, 0.0]
[(9.0, 11.25), [True]]:[-500.0, -500.0, -500.0, -500.0, -500.0, 0.0, 0.0]
[(9.25, 11.75), [True]]:[0.0, 0.0, 0.0, 0.0, 0.0, 0.0, 0.0]
[(19.0, 18.25), [True]]:[0.0, 0.0, 0.0, 0.0, 0.0, 0.0, 0.0]
[(18.25, 18.25), [True]]:[0.0, 0.0, 0.0, 0.0, 0.0, 0.0, 0.0]
[(19.25, 19.25), [True]]:[0.0, 0.0, 0.0, 0.0, 0.0, 0.0, 0.0]
[(1.25, 11.25), [True]]:[0.0, 0.0, 0.0, 0.0, 0.0, 0.0, 0.0]
[(1.75, 10.75), [True]]:[0.0, 0.0, 0.0, 0.0, 0.0, 0.0, 0.0]
[(2.25, 10.25), [True]]:[0.0, 0.0, 0.0, 0.0, 0.0, 0.0, 0.0]
[(9.0, 8.75), [True]]:[0.0, 0.0, 0.0, 0.0, 0.0, 0.0, 0.0]
[(9.5, 8.5), [True]]:[0.0, 0.0, 0.0, 0.0, 0.0, 0.0, 0.0]
[(10.0, 8.5), [True]]:[0.0, 0.0, 0.0, 0.0, 0.0, 0.0, 0.0]
[(10.5, 8.75), [True]]:[0.0, 0.0, 0.0, 0.0, 0.0, 0.0, 0.0]
[(10.5, 9.0), [True]]:[0.0, 0.0, 0.0, 0.0, 0.0, 0.0, 0.0]
[(10.5, 9.25), [True]]:[0.0, 0.0, 0.0, 0.0, 0.0, 0.0, 0.0]
[(10.5, 9.75), [True]]:[0.0, 0.0, 0.0, 0.0, 0.0, 0.0, 0.0]
[(11.0, 10.0), [True]]:[0.0, 0.0, 0.0, 0.0, 0.0, 0.0, 0.0]
[(11.5, 10.5), [True]]:[0.0, 0.0, 0.0, 0.0, 0.0, 0.0, 0.0]
[(11.0, 11.0), [True]]:[0.0, 0.0, 0.0, 0.0, 0.0, 0.0, 0.0]
[(10.5, 11.5), [True]]:[-500.0, -500.0, -500.0, -500.0, 0.0, 0.0, 0.0]
[(10.5, 11.75), [True]]:[0.0, 0.0, 0.0, 0.0, 0.0, 0.0, 0.0]
[(5.75, 11.75), [True]]:[0.0, 0.0, 0.0, 0.0, 0.0, 0.0, 0.0]
[(7.25, 10.25), [True]]:[0.0, 0.0, 0.0, 0.0, 0.0, 0.0, 0.0]
[(6.0, 11.75), [True]]:[0.0, 0.0, 0.0, 0.0, 0.0, 0.0, 0.0]
[(18.25, 18.5), [True]]:[0.0, 0.0, 0.0, 0.0, 0.0, 0.0, 0.0]
[(18.75, 19.25), [True]]:[0.0, 0.0, 0.0, 0.0, 0.0, 0.0, 0.0]
[(20.75, 20.0), [True]]:[-405.0, -2342.795, 0.0, -1719.5, -450.0, -1192.5500000000002, 0.0]
[(20.75, 20.5), [True]]:[-500.0, 0.0, 0.0, -834.2794806932302, 0.0, -500.0, 0.0]
[(8.25, 19.25), [True]]:[0.0, 0.0, 0.0, 0.0, 0.0, 0.0, 0.0]
[(17.75, 19.25), [True]]:[0.0, 0.0, 0.0, 0.0, 0.0, 0.0, 0.0]
[(22.0, 20.5), [True]]:[-500.0, 0.0, -500.0, 0.0, -950.0, 0.0, 0.0]
[(21.0, 17.5), [True]]:[0.0, 0.0, 0.0, 0.0, 0.0, 0.0, 0.0]
[(21.0, 17.25), [True]]:[0.0, 0.0, 0.0, 0.0, 0.0, 0.0, 0.0]
[(21.0, 17.0), [True]]:[0.0, 0.0, 0.0, 0.0, 0.0, 0.0, 0.0]
[(21.5, 17.0), [True]]:[0.0, 0.0, 0.0, 0.0, 0.0, 0.0, 0.0]
[(22.0, 17.0), [True]]:[0.0, 0.0, 0.0, 0.0, 0.0, 0.0, 0.0]
[(20.75, 20.75), [True]]:[0.0, 0.0, 0.0, 0.0, 0.0, 0.0, 0.0]
[(19.5, 18.25), [True]]:[0.0, 0.0, 0.0, 0.0, 0.0, 0.0, 0.0]
[(1.75, 16.75), [True]]:[0.0, 0.0, 0.0, 0.0, 0.0, 0.0, 0.0]
[(0.0, 17.75), [True]]:[0.0, 0.0, 0.0, 0.0, 0.0, 0.0, 0.0]
[(17.25, 19.25), [True]]:[0.0, 0.0, 0.0, 0.0, 0.0, 0.0, 0.0]
[(6.5, 11.5), [True]]:[0.0, 0.0, 0.0, 0.0, 0.0, 0.0, 0.0]
[(21.25, 18.5), [True]]:[0.0, -0.6925498961175054, 0.0, 0.0, 0.0, 0.0, 0.0]
[(21.5, 17.5), [True]]:[0.0, 0.0, 0.0, 0.0, 0.0, 0.0, 0.0]
[(22.0, 17.5), [True]]:[0.0, 0.0, 0.0, 0.0, 0.0, 0.0, 0.0]
[(22.5, 17.5), [True]]:[0.0, 0.0, 0.0, 0.0, 0.0, 0.0, 0.0]
[(23.0, 17.0), [True]]:[0.0, 0.0, 0.0, 0.0, 0.0, 0.0, 0.0]
[(23.0, 16.5), [True]]:[0.0, 0.0, 0.0, 0.0, 0.0, 0.0, 0.0]
[(23.0, 16.0), [True]]:[0.0, 0.0, 0.0, 0.0, 0.0, 0.0, 0.0]
[(23.0, 15.75), [True]]:[0.0, 0.0, 0.0, 0.0, 0.0, 0.0, 0.0]
[(22.5, 16.5), [True]]:[0.0, 0.0, 0.0, 0.0, 0.0, 0.0, 0.0]
[(22.0, 17.25), [True]]:[0.0, 0.0, 0.0, 0.0, 0.0, 0.0, 0.0]
[(23.0, 17.5), [True]]:[0.0, 0.0, 0.0, 0.0, 0.0, 0.0, 0.0]
[(3.75, 17.75), [True]]:[0.0, 0.0, 0.0, 0.0, 0.0, 0.0, 0.0]
[(21.25, 19.25), [True]]:[-402.17947903127504, -242.5720362021226, -628.3365506371321, -20.925497907450058, -16.990153280734546, -17.144998263000048, -122.89999338000005]
[(2.25, 15.25), [True]]:[0.0, 0.0, 0.0, 0.0, 0.0, 0.0, 0.0]
[(6.75, 8.5), [True]]:[0.0, 0.0, 0.0, 0.0, 0.0, 0.0, 0.0]
[(9.0, 11.5), [True]]:[-1355.0, -950.0, -500.0, -500.0, -500.0, -500.0, 0.0]
[(21.5, 20.25), [True]]:[-3256.6077995, -3472.004528626072, -2963.432789063936, -3144.3475509275004, -2847.66395, -2847.66395, -3256.6077995]
[(2.25, 12.25), [True]]:[0.0, 0.0, 0.0, 0.0, 0.0, 0.0, 0.0]
[(2.25, 12.75), [True]]:[0.0, 0.0, 0.0, 0.0, 0.0, 0.0, 0.0]
[(2.25, 14.0), [True]]:[0.0, 0.0, 0.0, 0.0, 0.0, 0.0, 0.0]
[(9.75, 19.25), [True]]:[0.0, 0.0, 0.0, 0.0, 0.0, 0.0, 0.0]
[(6.25, 11.75), [True]]:[0.0, 0.0, 0.0, 0.0, 0.0, 0.0, 0.0]
[(7.25, 8.75), [True]]:[0.0, 0.0, 0.0, 0.0, 0.0, 0.0, 0.0]
[(6.75, 9.75), [True]]:[0.0, 0.0, 0.0, 0.0, 0.0, 0.0, 0.0]
[(6.75, 10.0), [True]]:[0.0, 0.0, 0.0, 0.0, 0.0, 0.0, 0.0]
[(5.5, 11.75), [True]]:[0.0, 0.0, 0.0, 0.0, 0.0, 0.0, 0.0]
[(5.75, 11.0), [True]]:[-950.0, -499.9999975, -500.0, -94.99999525000001, 0.0, -454.9999975, 0.0]
[(4.75, 11.75), [True]]:[0.0, 0.0, 0.0, 0.0, 0.0, 0.0, 0.0]
[(21.25, 18.25), [True]]:[0.0, 0.0, 0.0, 0.0, 0.0, 0.0, 0.0]
[(21.25, 18.75), [True]]:[-0.6925498961175055, -0.6232949065057549, 0.0, 0.0, 0.0, 0.0, 0.0]
[(21.25, 19.5), [True]]:[-313.9515338749226, -488.9115255544225, -145.49999138775007, -171.94999140250002, -463.2381571096934, 0.0, -162.4499918775]
[(1.75, 12.75), [True]]:[0.0, 0.0, 0.0, 0.0, 0.0, 0.0, 0.0]
[(1.75, 13.25), [True]]:[0.0, 0.0, 0.0, 0.0, 0.0, 0.0, 0.0]
[(1.75, 14.0), [True]]:[0.0, 0.0, 0.0, 0.0, 0.0, 0.0, 0.0]
[(22.75, 17.5), [True]]:[0.0, 0.0, 0.0, 0.0, 0.0, 0.0, 0.0]
[(22.0, 16.0), [True]]:[0.0, 0.0, 0.0, 0.0, 0.0, 0.0, 0.0]
[(22.0, 15.75), [True]]:[0.0, 0.0, 0.0, 0.0, 0.0, 0.0, 0.0]
[(22.5, 15.5), [True]]:[0.0, 0.0, 0.0, 0.0, 0.0, 0.0, 0.0]
[(23.0, 15.25), [True]]:[0.0, 0.0, 0.0, 0.0, 0.0, 0.0, 0.0]
[(23.0, 15.0), [True]]:[0.0, 0.0, 0.0, 0.0, 0.0, 0.0, 0.0]
[(22.5, 15.75), [True]]:[0.0, 0.0, 0.0, 0.0, 0.0, 0.0, 0.0]
[(22.0, 16.5), [True]]:[0.0, 0.0, 0.0, 0.0, 0.0, 0.0, 0.0]
[(21.25, 17.25), [True]]:[0.0, 0.0, 0.0, 0.0, 0.0, 0.0, 0.0]
[(21.25, 17.0), [True]]:[0.0, 0.0, 0.0, 0.0, 0.0, 0.0, 0.0]
[(21.25, 18.0), [True]]:[0.0, 0.0, 0.0, 0.0, 0.0, 0.0, 0.0]
[(4.25, 10.5), [True]]:[0.0, 0.0, 0.0, 0.0, 0.0, 0.0, 0.0]
[(4.25, 11.5), [True]]:[0.0, 0.0, 0.0, -500.0, 0.0, 0.0, 0.0]
[(21.5, 17.75), [True]]:[0.0, 0.0, 0.0, 0.0, 0.0, 0.0, 0.0]
[(13.5, 19.75), [True]]:[0.0, 0.0, 0.0, 0.0, 0.0, 0.0, 0.0]
[(21.75, 17.0), [True]]:[0.0, 0.0, 0.0, 0.0, 0.0, 0.0, 0.0]
[(21.75, 17.25), [True]]:[0.0, 0.0, 0.0, 0.0, 0.0, 0.0, 0.0]
[(23.25, 17.0), [True]]:[0.0, 0.0, 0.0, 0.0, 0.0, 0.0, 0.0]
[(23.25, 16.5), [True]]:[0.0, 0.0, 0.0, 0.0, 0.0, 0.0, 0.0]
[(23.25, 16.0), [True]]:[0.0, 0.0, 0.0, 0.0, 0.0, 0.0, 0.0]
[(23.25, 15.75), [True]]:[0.0, 0.0, 0.0, 0.0, 0.0, 0.0, 0.0]
[(23.25, 15.5), [True]]:[0.0, 0.0, 0.0, 0.0, 0.0, 0.0, 0.0]
[(23.25, 15.25), [True]]:[0.0, 0.0, 0.0, 0.0, 0.0, 0.0, 0.0]
[(23.25, 15.0), [True]]:[0.0, 0.0, 0.0, 0.0, 0.0, 0.0, 0.0]
[(22.75, 15.0), [True]]:[0.0, 0.0, 0.0, 0.0, 0.0, 0.0, 0.0]
[(22.0, 15.25), [True]]:[0.0, 0.0, 0.0, 0.0, 0.0, 0.0, 0.0]
[(22.0, 15.5), [True]]:[0.0, 0.0, 0.0, 0.0, 0.0, 0.0, 0.0]
[(22.5, 16.25), [True]]:[0.0, 0.0, 0.0, 0.0, 0.0, 0.0, 0.0]
[(23.0, 16.75), [True]]:[0.0, 0.0, 0.0, 0.0, 0.0, 0.0, 0.0]
[(23.25, 17.25), [True]]:[0.0, 0.0, 0.0, 0.0, 0.0, 0.0, 0.0]
[(23.25, 17.5), [True]]:[0.0, 0.0, 0.0, 0.0, 0.0, 0.0, 0.0]
[(23.25, 16.75), [True]]:[0.0, 0.0, 0.0, 0.0, 0.0, 0.0, 0.0]
[(22.75, 15.25), [True]]:[0.0, 0.0, 0.0, 0.0, 0.0, 0.0, 0.0]
[(22.0, 15.0), [True]]:[0.0, 0.0, 0.0, 0.0, 0.0, 0.0, 0.0]
[(21.5, 17.25), [True]]:[0.0, 0.0, 0.0, 0.0, 0.0, 0.0, 0.0]
[(2.25, 13.5), [True]]:[0.0, 0.0, 0.0, 0.0, 0.0, 0.0, 0.0]
[(2.25, 14.75), [True]]:[0.0, 0.0, 0.0, 0.0, 0.0, 0.0, 0.0]
[(2.25, 16.0), [True]]:[0.0, 0.0, 0.0, 0.0, 0.0, 0.0, 0.0]
[(6.25, 10.5), [True]]:[-49.999997500000006, -49.999997500000006, 0.0, 0.0, 0.0, 0.0, 0.0]
[(6.75, 11.25), [True]]:[-999.9999975, -950.0, -950.0, -500.0, -500.0, 0.0, 0.0]
[(6.5, 11.75), [True]]:[0.0, 0.0, 0.0, 0.0, 0.0, 0.0, 0.0]
[(22.75, 16.5), [True]]:[0.0, 0.0, 0.0, 0.0, 0.0, 0.0, 0.0]
[(22.0, 16.75), [True]]:[0.0, 0.0, 0.0, 0.0, 0.0, 0.0, 0.0]
[(22.5, 17.25), [True]]:[0.0, 0.0, 0.0, 0.0, 0.0, 0.0, 0.0]
[(21.75, 16.5), [True]]:[0.0, 0.0, 0.0, 0.0, 0.0, 0.0, 0.0]
[(21.75, 16.25), [True]]:[0.0, 0.0, 0.0, 0.0, 0.0, 0.0, 0.0]
[(21.75, 15.75), [True]]:[0.0, 0.0, 0.0, 0.0, 0.0, 0.0, 0.0]
[(21.75, 15.5), [True]]:[0.0, 0.0, 0.0, 0.0, 0.0, 0.0, 0.0]
[(22.25, 15.25), [True]]:[0.0, 0.0, 0.0, 0.0, 0.0, 0.0, 0.0]
[(4.25, 17.75), [True]]:[0.0, 0.0, 0.0, 0.0, 0.0, 0.0, 0.0]
[(4.75, 17.75), [True]]:[0.0, 0.0, 0.0, 0.0, 0.0, 0.0, 0.0]
[(5.25, 17.75), [True]]:[0.0, 0.0, 0.0, 0.0, 0.0, 0.0, 0.0]
[(5.75, 17.75), [True]]:[0.0, 0.0, 0.0, 0.0, 0.0, 0.0, 0.0]
[(6.5, 17.75), [True]]:[0.0, 0.0, 0.0, 0.0, 0.0, 0.0, 0.0]
[(1.75, 14.5), [True]]:[0.0, 0.0, 0.0, 0.0, 0.0, 0.0, 0.0]
[(1.75, 15.25), [True]]:[0.0, 0.0, 0.0, 0.0, 0.0, 0.0, 0.0]
[(7.25, 10.5), [True]]:[0.0, 0.0, 0.0, 0.0, 0.0, 0.0, 0.0]
[(7.75, 11.25), [True]]:[-500.0, -500.0, -950.0, -950.0, -500.0, -950.0, 0.0]
[(8.5, 11.5), [True]]:[-950.0, -500.0, -500.0, -500.0, -500.0, 0.0, 0.0]
[(1.75, 15.75), [True]]:[0.0, 0.0, 0.0, 0.0, 0.0, 0.0, 0.0]
[(4.25, 10.25), [True]]:[0.0, 0.0, 0.0, 0.0, 0.0, 0.0, 0.0]
[(7.25, 10.0), [True]]:[0.0, 0.0, 0.0, 0.0, 0.0, 0.0, 0.0]
[(7.75, 10.5), [True]]:[0.0, 0.0, 0.0, 0.0, 0.0, 0.0, 0.0]
[(8.5, 11.25), [True]]:[0.0, 0.0, 0.0, 0.0, 0.0, 0.0, -500.0]
[(8.75, 11.75), [True]]:[0.0, 0.0, 0.0, 0.0, 0.0, 0.0, 0.0]
[(4.25, 11.0), [True]]:[0.0, 0.0, 0.0, 0.0, 0.0, 0.0, 0.0]
[(8.5, 9.0), [True]]:[0.0, 0.0, 0.0, 0.0, 0.0, 0.0, 0.0]
[(9.0, 9.0), [True]]:[0.0, 0.0, 0.0, 0.0, 0.0, 0.0, 0.0]
[(9.5, 9.25), [True]]:[0.0, 0.0, 0.0, 0.0, 0.0, 0.0, 0.0]
[(8.5, 10.0), [True]]:[0.0, 0.0, 0.0, 0.0, 0.0, 0.0, 0.0]
[(7.25, 11.0), [True]]:[-450.0, -950.0, 0.0, -49.999997500000006, 0.0, 0.0, -500.0]
[(7.0, 11.5), [True]]:[0.0, 0.0, 0.0, 0.0, 0.0, 0.0, 0.0]
[(9.5, 10.0), [True]]:[0.0, 0.0, 0.0, 0.0, 0.0, 0.0, 0.0]
[(10.0, 10.5), [True]]:[0.0, 0.0, 0.0, 0.0, 0.0, 0.0, 0.0]
[(10.5, 11.0), [True]]:[0.0, 0.0, 0.0, 0.0, 0.0, 0.0, 0.0]
[(11.0, 11.5), [True]]:[-950.0, -500.0, -500.0, -500.0, -500.0, -500.0, 0.0]
[(11.25, 11.5), [True]]:[0.0, 0.0, 0.0, 0.0, 0.0, 0.0, 0.0]
[(4.0, 17.75), [True]]:[0.0, 0.0, 0.0, 0.0, 0.0, 0.0, 0.0]
[(4.5, 17.75), [True]]:[0.0, 0.0, 0.0, 0.0, 0.0, 0.0, 0.0]
[(5.0, 17.75), [True]]:[0.0, 0.0, 0.0, 0.0, 0.0, 0.0, 0.0]
[(18.75, 17.75), [True]]:[0.0, 0.0, 0.0, 0.0, 0.0, 0.0, 0.0]
[(22.25, 20.5), [True]]:[0.0, 0.0, 0.0, 0.0, 0.0, 0.0, 0.0]
[(7.75, 9.5), [True]]:[0.0, 0.0, 0.0, 0.0, 0.0, 0.0, 0.0]
[(7.25, 10.75), [True]]:[0.0, 0.0, -49.999997500000006, 0.0, 0.0, 0.0, 0.0]
[(7.0, 11.75), [True]]:[0.0, 0.0, 0.0, 0.0, 0.0, 0.0, 0.0]
[(22.75, 16.75), [True]]:[0.0, 0.0, 0.0, 0.0, 0.0, 0.0, 0.0]
[(22.75, 17.0), [True]]:[0.0, 0.0, 0.0, 0.0, 0.0, 0.0, 0.0]
[(22.0, 14.75), [True]]:[0.0, 0.0, 0.0, 0.0, 0.0, 0.0, 0.0]
[(22.5, 14.75), [True]]:[0.0, 0.0, 0.0, 0.0, 0.0, 0.0, 0.0]
[(23.0, 14.75), [True]]:[0.0, 0.0, 0.0, 0.0, 0.0, 0.0, 0.0]
[(22.0, 16.25), [True]]:[0.0, 0.0, 0.0, 0.0, 0.0, 0.0, 0.0]
[(22.0, 17.75), [True]]:[0.0, 0.0, 0.0, 0.0, 0.0, 0.0, 0.0]
[(22.25, 17.75), [True]]:[0.0, 0.0, 0.0, 0.0, 0.0, 0.0, 0.0]
[(23.0, 16.25), [True]]:[0.0, 0.0, 0.0, 0.0, 0.0, 0.0, 0.0]
[(22.5, 16.0), [True]]:[0.0, 0.0, 0.0, 0.0, 0.0, 0.0, 0.0]
[(22.0, 14.5), [True]]:[0.0, 0.0, 0.0, 0.0, 0.0, 0.0, 0.0]
[(22.5, 16.75), [True]]:[0.0, 0.0, 0.0, 0.0, 0.0, 0.0, 0.0]
[(23.0, 17.25), [True]]:[0.0, 0.0, 0.0, 0.0, 0.0, 0.0, 0.0]
[(8.25, 11.5), [True]]:[0.0, 0.0, 0.0, 0.0, 0.0, 0.0, 0.0]
[(22.5, 17.0), [True]]:[0.0, 0.0, 0.0, 0.0, 0.0, 0.0, 0.0]
[(22.5, 15.25), [True]]:[0.0, 0.0, 0.0, 0.0, 0.0, 0.0, 0.0]
[(22.5, 15.0), [True]]:[0.0, 0.0, 0.0, 0.0, 0.0, 0.0, 0.0]
[(22.75, 17.25), [True]]:[0.0, 0.0, 0.0, 0.0, 0.0, 0.0, 0.0]
[(1.75, 16.25), [True]]:[0.0, 0.0, 0.0, 0.0, 0.0, 0.0, 0.0]
[(22.75, 15.75), [True]]:[0.0, 0.0, 0.0, 0.0, 0.0, 0.0, 0.0]
[(7.5, 11.75), [True]]:[0.0, 0.0, 0.0, 0.0, 0.0, 0.0, 0.0]
[(9.0, 11.75), [True]]:[0.0, 0.0, 0.0, 0.0, 0.0, 0.0, 0.0]
[(21.75, 16.75), [True]]:[0.0, 0.0, 0.0, 0.0, 0.0, 0.0, 0.0]
[(5.0, 11.75), [True]]:[0.0, 0.0, 0.0, 0.0, 0.0, 0.0, 0.0]
[(23.0, 15.5), [True]]:[0.0, 0.0, 0.0, 0.0, 0.0, 0.0, 0.0]
[(10.0, 9.75), [True]]:[0.0, 0.0, 0.0, 0.0, 0.0, 0.0, 0.0]
[(10.0, 10.25), [True]]:[0.0, 0.0, 0.0, 0.0, 0.0, 0.0, 0.0]
[(21.5, 16.75), [True]]:[0.0, 0.0, 0.0, 0.0, 0.0, 0.0, 0.0]
[(21.75, 16.0), [True]]:[0.0, 0.0, 0.0, 0.0, 0.0, 0.0, 0.0]
[(22.75, 16.0), [True]]:[0.0, 0.0, 0.0, 0.0, 0.0, 0.0, 0.0]
[(22.75, 16.25), [True]]:[0.0, 0.0, 0.0, 0.0, 0.0, 0.0, 0.0]
[(8.5, 11.0), [True]]:[-500.0, -500.0, 0.0, 0.0, 0.0, 0.0, 0.0]
[(8.0, 11.75), [True]]:[0.0, 0.0, 0.0, 0.0, 0.0, 0.0, 0.0]
[(1.75, 11.5), [True]]:[0.0, 0.0, 0.0, 0.0, 0.0, 0.0, 0.0]
[(1.25, 11.0), [True]]:[0.0, 0.0, 0.0, 0.0, 0.0, 0.0, 0.0]
[(0.75, 10.5), [True]]:[0.0, 0.0, 0.0, 0.0, 0.0, 0.0, 0.0]
[(1.25, 10.25), [True]]:[0.0, 0.0, 0.0, 0.0, 0.0, 0.0, 0.0]
[(1.75, 9.75), [True]]:[0.0, 0.0, 0.0, 0.0, 0.0, 0.0, 0.0]
[(2.25, 9.5), [True]]:[0.0, 0.0, 0.0, 0.0, 0.0, 0.0, 0.0]
[(7.75, 9.75), [True]]:[0.0, 0.0, 0.0, 0.0, 0.0, 0.0, 0.0]
[(7.75, 11.0), [True]]:[-450.0, 0.0, 0.0, 0.0, 0.0, 0.0, 0.0]
[(0.75, 10.75), [True]]:[0.0, 0.0, 0.0, 0.0, 0.0, 0.0, 0.0]
[(0.75, 10.0), [True]]:[0.0, 0.0, 0.0, 0.0, 0.0, 0.0, 0.0]
[(0.75, 9.5), [True]]:[0.0, 0.0, 0.0, 0.0, 0.0, 0.0, 0.0]
[(0.75, 8.75), [True]]:[0.0, 0.0, 0.0, 0.0, 0.0, 0.0, 0.0]
[(1.25, 8.75), [True]]:[0.0, 0.0, 0.0, 0.0, 0.0, 0.0, 0.0]
[(1.75, 9.0), [True]]:[0.0, 0.0, 0.0, 0.0, 0.0, 0.0, 0.0]
[(2.25, 9.0), [True]]:[0.0, 0.0, 0.0, 0.0, 0.0, 0.0, 0.0]
[(4.5, 9.75), [True]]:[0.0, 0.0, 0.0, 0.0, 0.0, 0.0, 0.0]
[(8.25, 11.75), [True]]:[0.0, 0.0, 0.0, 0.0, 0.0, 0.0, 0.0]
[(6.25, 17.75), [True]]:[0.0, 0.0, 0.0, 0.0, 0.0, 0.0, 0.0]
[(8.5, 11.75), [True]]:[0.0, 0.0, 0.0, 0.0, 0.0, 0.0, 0.0]
[(21.75, 17.75), [True]]:[0.0, 0.0, 0.0, 0.0, 0.0, 0.0, 0.0]
[(7.25, 11.75), [True]]:[0.0, 0.0, 0.0, 0.0, 0.0, 0.0, 0.0]
[(9.0, 9.5), [True]]:[0.0, 0.0, 0.0, 0.0, 0.0, 0.0, 0.0]
[(9.0, 10.25), [True]]:[0.0, 0.0, 0.0, 0.0, 0.0, 0.0, 0.0]
[(9.0, 10.75), [True]]:[0.0, 0.0, 0.0, 0.0, 0.0, 0.0, 0.0]
[(5.5, 17.75), [True]]:[0.0, 0.0, 0.0, 0.0, 0.0, 0.0, 0.0]
[(21.25, 14.75), [True]]:[0.0, 0.0, 0.0, 0.0, 0.0, 0.0, 0.0]
[(21.0, 14.5), [True]]:[0.0, 0.0, 0.0, 0.0, 0.0, 0.0, 0.0]
[(21.5, 14.0), [True]]:[0.0, 0.0, 0.0, 0.0, 0.0, 0.0, 0.0]
[(22.0, 13.5), [True]]:[0.0, 0.0, 0.0, 0.0, 0.0, 0.0, 0.0]
[(22.25, 13.25), [True]]:[0.0, 0.0, 0.0, 0.0, 0.0, 0.0, 0.0]
[(21.5, 12.75), [True]]:[0.0, 0.0, 0.0, 0.0, 0.0, 0.0, 0.0]
[(21.0, 12.5), [True]]:[0.0, 0.0, 0.0, 0.0, 0.0, 0.0, 0.0]
[(21.5, 12.25), [True]]:[0.0, 0.0, 0.0, 0.0, 0.0, 0.0, 0.0]
[(21.5, 12.0), [True]]:[0.0, 0.0, 0.0, 0.0, 0.0, 0.0, 0.0]
[(21.5, 11.75), [True]]:[0.0, 0.0, 0.0, 0.0, 0.0, 0.0, 0.0]
[(21.0, 11.75), [True]]:[0.0, 0.0, 0.0, 0.0, 0.0, 0.0, 0.0]
[(21.0, 12.0), [True]]:[0.0, 0.0, 0.0, 0.0, 0.0, 0.0, 0.0]
[(21.0, 13.25), [True]]:[0.0, 0.0, 0.0, 0.0, 0.0, 0.0, 0.0]
[(21.0, 13.75), [True]]:[0.0, 0.0, 0.0, 0.0, 0.0, 0.0, 0.0]
[(21.5, 14.5), [True]]:[0.0, 0.0, 0.0, 0.0, 0.0, 0.0, 0.0]
[(21.5, 14.75), [True]]:[0.0, 0.0, 0.0, 0.0, 0.0, 0.0, 0.0]
[(21.0, 14.0), [True]]:[0.0, 0.0, 0.0, 0.0, 0.0, 0.0, 0.0]
[(21.5, 13.5), [True]]:[0.0, 0.0, 0.0, 0.0, 0.0, 0.0, 0.0]
[(22.0, 13.25), [True]]:[0.0, 0.0, 0.0, 0.0, 0.0, 0.0, 0.0]
[(22.25, 12.75), [True]]:[0.0, 0.0, 0.0, 0.0, 0.0, 0.0, 0.0]
[(22.5, 12.5), [True]]:[0.0, 0.0, 0.0, 0.0, 0.0, 0.0, 0.0]
[(23.0, 12.25), [True]]:[0.0, 0.0, 0.0, 0.0, 0.0, 0.0, 0.0]
[(23.0, 12.0), [True]]:[0.0, 0.0, 0.0, 0.0, 0.0, 0.0, 0.0]
[(23.0, 11.75), [True]]:[0.0, 0.0, 0.0, 0.0, 0.0, 0.0, 0.0]
[(23.0, 12.5), [True]]:[0.0, 0.0, 0.0, 0.0, 0.0, 0.0, 0.0]
[(23.0, 11.5), [True]]:[0.0, 0.0, 0.0, 0.0, 0.0, 0.0, 0.0]
[(22.5, 11.0), [True]]:[0.0, 0.0, 0.0, 0.0, 0.0, 0.0, 0.0]
[(22.0, 10.75), [True]]:[0.0, 0.0, 0.0, 0.0, 0.0, 0.0, 0.0]
[(21.5, 10.5), [True]]:[0.0, 0.0, 0.0, 0.0, 0.0, 0.0, 0.0]
[(21.0, 10.25), [True]]:[0.0, 0.0, 0.0, 0.0, 0.0, 0.0, 0.0]
[(20.5, 10.0), [True]]:[0.0, 0.0, 0.0, 0.0, 0.0, 0.0, 0.0]
[(21.0, 10.0), [True]]:[0.0, 0.0, 0.0, 0.0, 0.0, 0.0, 0.0]
[(7.75, 9.25), [True]]:[0.0, 0.0, 0.0, 0.0, 0.0, 0.0, 0.0]
[(8.5, 9.75), [True]]:[0.0, 0.0, 0.0, 0.0, 0.0, 0.0, 0.0]
[(9.0, 10.5), [True]]:[0.0, 0.0, 0.0, 0.0, 0.0, 0.0, 0.0]
[(9.5, 11.0), [True]]:[-905.0, 0.0, 0.0, -500.0, 0.0, 0.0, 0.0]
[(10.0, 11.75), [True]]:[0.0, 0.0, 0.0, 0.0, 0.0, 0.0, 0.0]
[(7.75, 10.0), [True]]:[0.0, 0.0, 0.0, 0.0, 0.0, 0.0, 0.0]
[(8.5, 10.5), [True]]:[0.0, 0.0, 0.0, 0.0, 0.0, 0.0, 0.0]
[(9.0, 11.0), [True]]:[0.0, 0.0, 0.0, 0.0, 0.0, 0.0, 0.0]
[(9.5, 11.5), [True]]:[0.0, -500.0, 0.0, 0.0, -950.0, 0.0, 0.0]
[(8.5, 8.5), [True]]:[0.0, 0.0, 0.0, 0.0, 0.0, 0.0, 0.0]
[(10.0, 10.75), [True]]:[0.0, 0.0, 0.0, 0.0, 0.0, 0.0, 0.0]
[(10.75, 11.75), [True]]:[0.0, 0.0, 0.0, 0.0, 0.0, 0.0, 0.0]
[(9.0, 10.0), [True]]:[0.0, 0.0, 0.0, 0.0, 0.0, 0.0, 0.0]
[(4.25, 9.25), [True]]:[0.0, 0.0, 0.0, 0.0, 0.0, 0.0, 0.0]
[(23.25, 16.25), [True]]:[0.0, 0.0, 0.0, 0.0, 0.0, 0.0, 0.0]
[(8.5, 9.5), [True]]:[0.0, 0.0, 0.0, 0.0, 0.0, 0.0, 0.0]
[(9.0, 8.5), [True]]:[0.0, 0.0, 0.0, 0.0, 0.0, 0.0, 0.0]
[(9.25, 11.5), [True]]:[0.0, 0.0, 0.0, 0.0, 0.0, 0.0, 0.0]
[(8.5, 10.25), [True]]:[0.0, 0.0, 0.0, 0.0, 0.0, 0.0, 0.0]
[(22.75, 14.75), [True]]:[0.0, 0.0, 0.0, 0.0, 0.0, 0.0, 0.0]
[(23.25, 14.75), [True]]:[0.0, 0.0, 0.0, 0.0, 0.0, 0.0, 0.0]
[(21.25, 14.5), [True]]:[0.0, 0.0, 0.0, 0.0, 0.0, 0.0, 0.0]
[(21.25, 14.0), [True]]:[0.0, 0.0, 0.0, 0.0, 0.0, 0.0, 0.0]
[(21.25, 13.5), [True]]:[0.0, 0.0, 0.0, 0.0, 0.0, 0.0, 0.0]
[(21.25, 13.25), [True]]:[0.0, 0.0, 0.0, 0.0, 0.0, 0.0, 0.0]
[(21.25, 12.75), [True]]:[0.0, 0.0, 0.0, 0.0, 0.0, 0.0, 0.0]
[(21.25, 12.5), [True]]:[0.0, 0.0, 0.0, 0.0, 0.0, 0.0, 0.0]
[(21.25, 12.25), [True]]:[0.0, 0.0, 0.0, 0.0, 0.0, 0.0, 0.0]
[(21.25, 12.0), [True]]:[0.0, 0.0, 0.0, 0.0, 0.0, 0.0, 0.0]
[(21.25, 11.75), [True]]:[0.0, 0.0, 0.0, 0.0, 0.0, 0.0, 0.0]
[(22.0, 11.75), [True]]:[0.0, 0.0, 0.0, 0.0, 0.0, 0.0, 0.0]
[(22.5, 11.75), [True]]:[0.0, 0.0, 0.0, 0.0, 0.0, 0.0, 0.0]
[(22.0, 13.0), [True]]:[0.0, 0.0, 0.0, 0.0, 0.0, 0.0, 0.0]
[(22.0, 14.0), [True]]:[0.0, 0.0, 0.0, 0.0, 0.0, 0.0, 0.0]
[(6.0, 17.75), [True]]:[0.0, 0.0, 0.0, 0.0, 0.0, 0.0, 0.0]
[(22.25, 16.25), [True]]:[0.0, 0.0, 0.0, 0.0, 0.0, 0.0, 0.0]
[(9.5, 9.0), [True]]:[0.0, 0.0, 0.0, 0.0, 0.0, 0.0, 0.0]
[(10.0, 9.0), [True]]:[0.0, 0.0, 0.0, 0.0, 0.0, 0.0, 0.0]
[(11.0, 9.75), [True]]:[0.0, 0.0, 0.0, 0.0, 0.0, 0.0, 0.0]
[(11.5, 10.0), [True]]:[0.0, 0.0, 0.0, 0.0, 0.0, 0.0, 0.0]
[(11.0, 10.5), [True]]:[0.0, 0.0, 0.0, 0.0, 0.0, 0.0, 0.0]
[(10.0, 11.5), [True]]:[-500.0, -500.0, -500.0, -500.0, -500.0, -500.0, -500.0]
[(9.75, 11.5), [True]]:[0.0, 0.0, 0.0, 0.0, 0.0, 0.0, 0.0]
[(22.25, 14.75), [True]]:[0.0, 0.0, 0.0, 0.0, 0.0, 0.0, 0.0]
[(22.25, 15.0), [True]]:[0.0, 0.0, 0.0, 0.0, 0.0, 0.0, 0.0]
[(22.25, 15.5), [True]]:[0.0, 0.0, 0.0, 0.0, 0.0, 0.0, 0.0]
[(9.5, 8.75), [True]]:[0.0, 0.0, 0.0, 0.0, 0.0, 0.0, 0.0]
[(10.0, 9.25), [True]]:[0.0, 0.0, 0.0, 0.0, 0.0, 0.0, 0.0]
[(10.0, 8.75), [True]]:[0.0, 0.0, 0.0, 0.0, 0.0, 0.0, 0.0]
[(10.0, 10.0), [True]]:[0.0, 0.0, 0.0, 0.0, 0.0, 0.0, 0.0]
[(10.0, 11.25), [True]]:[-500.0, 0.0, 0.0, 0.0, 0.0, 0.0, 0.0]
[(22.25, 14.5), [True]]:[0.0, 0.0, 0.0, 0.0, 0.0, 0.0, 0.0]
[(4.25, 11.25), [True]]:[0.0, 0.0, 0.0, 0.0, 0.0, 0.0, 0.0]
[(21.0, 13.5), [True]]:[0.0, 0.0, 0.0, 0.0, 0.0, 0.0, 0.0]
[(21.0, 12.75), [True]]:[0.0, 0.0, 0.0, 0.0, 0.0, 0.0, 0.0]
[(21.0, 12.25), [True]]:[0.0, 0.0, 0.0, 0.0, 0.0, 0.0, 0.0]
[(21.0, 13.0), [True]]:[0.0, 0.0, 0.0, 0.0, 0.0, 0.0, 0.0]
[(2.75, 11.5), [True]]:[0.0, 0.0, 0.0, 0.0, 0.0, 0.0, 0.0]
[(4.25, 10.75), [True]]:[0.0, 0.0, 0.0, 0.0, -49.999997500000006, 0.0, 0.0]
[(10.0, 9.5), [True]]:[0.0, 0.0, 0.0, 0.0, 0.0, 0.0, 0.0]
[(6.75, 17.75), [True]]:[0.0, 0.0, 0.0, 0.0, 0.0, 0.0, 0.0]
[(11.0, 9.0), [True]]:[0.0, 0.0, 0.0, 0.0, 0.0, 0.0, 0.0]
[(11.5, 9.25), [True]]:[0.0, 0.0, 0.0, 0.0, 0.0, 0.0, 0.0]
[(12.0, 9.75), [True]]:[0.0, 0.0, 0.0, 0.0, 0.0, 0.0, 0.0]
[(12.75, 10.0), [True]]:[0.0, 0.0, 0.0, 0.0, 0.0, 0.0, 0.0]
[(13.25, 10.5), [True]]:[0.0, 0.0, 0.0, 0.0, 0.0, 0.0, 0.0]
[(13.75, 11.0), [True]]:[-500.0, 0.0, 0.0, 0.0, 0.0, -450.0, 0.0]
[(14.25, 11.5), [True]]:[-500.0, 0.0, 0.0, 0.0, 0.0, 0.0, 0.0]
[(2.25, 11.5), [True]]:[0.0, 0.0, 0.0, 0.0, 0.0, 0.0, 0.0]
[(1.5, 11.75), [True]]:[0.0, 0.0, 0.0, 0.0, 0.0, 0.0, 0.0]
[(21.5, 19.75), [True]]:[0.0, 0.0, 0.0, 0.0, 0.0, 0.0, 0.0]
[(13.25, 11.5), [True]]:[-500.0, 0.0, 0.0, 0.0, 0.0, 0.0, 0.0]
[(13.0, 11.75), [True]]:[0.0, 0.0, 0.0, 0.0, 0.0, 0.0, 0.0]
[(2.75, 10.5), [True]]:[0.0, 0.0, 0.0, 0.0, 0.0, 0.0, 0.0]
[(3.25, 11.0), [True]]:[0.0, 0.0, 0.0, 0.0, 0.0, 0.0, 0.0]
[(21.75, 20.0), [True]]:[-500.0, -500.0, -500.0, 0.0, -500.0, -500.0, 0.0]
[(22.25, 20.75), [True]]:[0.0, 0.0, 0.0, 0.0, 0.0, 0.0, 0.0]
[(11.0, 8.75), [True]]:[0.0, 0.0, 0.0, 0.0, 0.0, 0.0, 0.0]
[(11.5, 9.0), [True]]:[0.0, 0.0, 0.0, 0.0, 0.0, 0.0, 0.0]
[(12.0, 9.0), [True]]:[0.0, 0.0, 0.0, 0.0, 0.0, 0.0, 0.0]
[(12.75, 9.25), [True]]:[0.0, 0.0, 0.0, 0.0, 0.0, 0.0, 0.0]
[(13.25, 9.75), [True]]:[0.0, 0.0, 0.0, 0.0, 0.0, 0.0, 0.0]
[(12.75, 10.5), [True]]:[0.0, 0.0, 0.0, 0.0, 0.0, 0.0, 0.0]
[(12.75, 11.0), [True]]:[-500.0, 0.0, 0.0, 0.0, 0.0, 0.0, 0.0]
[(12.75, 11.5), [True]]:[-500.0, -500.0, 0.0, 0.0, 0.0, -500.0, 0.0]
[(12.75, 11.75), [True]]:[0.0, 0.0, 0.0, 0.0, 0.0, 0.0, 0.0]
[(20.0, 17.75), [True]]:[0.0, 0.0, 0.0, 0.0, 0.0, 0.0, 0.0]
[(19.5, 17.75), [True]]:[0.0, 0.0, 0.0, 0.0, 0.0, 0.0, 0.0]
[(11.0, 9.25), [True]]:[0.0, 0.0, 0.0, 0.0, 0.0, 0.0, 0.0]
[(10.5, 10.0), [True]]:[0.0, 0.0, 0.0, 0.0, 0.0, 0.0, 0.0]
[(10.5, 10.5), [True]]:[0.0, 0.0, 0.0, 0.0, 0.0, 0.0, 0.0]
[(10.5, 11.25), [True]]:[-500.0, 0.0, 0.0, 0.0, 0.0, 0.0, 0.0]
[(9.5, 9.5), [True]]:[0.0, 0.0, 0.0, 0.0, 0.0, 0.0, 0.0]
[(10.5, 10.75), [True]]:[0.0, 0.0, 0.0, 0.0, 0.0, 0.0, 0.0]
[(19.0, 17.75), [True]]:[0.0, 0.0, 0.0, 0.0, 0.0, 0.0, 0.0]
[(2.25, 11.75), [True]]:[0.0, 0.0, 0.0, 0.0, 0.0, 0.0, 0.0]
[(21.0, 14.75), [True]]:[0.0, 0.0, 0.0, 0.0, 0.0, 0.0, 0.0]
[(22.0, 13.75), [True]]:[0.0, 0.0, 0.0, 0.0, 0.0, 0.0, 0.0]
[(21.0, 14.25), [True]]:[0.0, 0.0, 0.0, 0.0, 0.0, 0.0, 0.0]
[(21.5, 13.0), [True]]:[0.0, 0.0, 0.0, 0.0, 0.0, 0.0, 0.0]
[(22.0, 12.75), [True]]:[0.0, 0.0, 0.0, 0.0, 0.0, 0.0, 0.0]
[(22.5, 12.25), [True]]:[0.0, 0.0, 0.0, 0.0, 0.0, 0.0, 0.0]
[(22.0, 11.5), [True]]:[0.0, 0.0, 0.0, 0.0, 0.0, 0.0, 0.0]
[(21.5, 11.5), [True]]:[0.0, 0.0, 0.0, 0.0, 0.0, 0.0, 0.0]
[(21.0, 11.5), [True]]:[0.0, 0.0, 0.0, 0.0, 0.0, 0.0, 0.0]
[(20.5, 11.5), [True]]:[0.0, 0.0, 0.0, 0.0, 0.0, 0.0, 0.0]
[(21.5, 14.25), [True]]:[0.0, 0.0, 0.0, 0.0, 0.0, 0.0, 0.0]
[(22.0, 12.5), [True]]:[0.0, 0.0, 0.0, 0.0, 0.0, 0.0, 0.0]
[(22.25, 13.0), [True]]:[0.0, 0.0, 0.0, 0.0, 0.0, 0.0, 0.0]
[(22.25, 13.75), [True]]:[0.0, 0.0, 0.0, 0.0, 0.0, 0.0, 0.0]
[(22.25, 14.25), [True]]:[0.0, 0.0, 0.0, 0.0, 0.0, 0.0, 0.0]
[(22.75, 15.5), [True]]:[0.0, 0.0, 0.0, 0.0, 0.0, 0.0, 0.0]
[(22.25, 15.75), [True]]:[0.0, 0.0, 0.0, 0.0, 0.0, 0.0, 0.0]
[(22.0, 20.25), [True]]:[-500.0, -500.0, 0.0, 0.0, 0.0, 0.0, 0.0]
[(0.25, 10.25), [True]]:[0.0, 0.0, 0.0, 0.0, 0.0, 0.0, 0.0]
[(9.5, 9.75), [True]]:[0.0, 0.0, 0.0, 0.0, 0.0, 0.0, 0.0]
[(11.25, 11.75), [True]]:[0.0, 0.0, 0.0, 0.0, 0.0, 0.0, 0.0]
[(0.75, 9.75), [True]]:[0.0, 0.0, 0.0, 0.0, 0.0, 0.0, 0.0]
[(21.75, 14.75), [True]]:[0.0, 0.0, 0.0, 0.0, 0.0, 0.0, 0.0]
[(20.75, 11.75), [True]]:[0.0, 0.0, 0.0, 0.0, 0.0, 0.0, 0.0]
[(20.0, 11.5), [True]]:[0.0, 0.0, 0.0, 0.0, 0.0, 0.0, 0.0]
[(19.5, 11.5), [True]]:[500.0, 0.0, 0.0, 0.0, 0.0, 0.0, 0.0]
[(10.5, 9.5), [True]]:[0.0, 0.0, 0.0, 0.0, 0.0, 0.0, 0.0]
[(11.0, 10.25), [True]]:[0.0, 0.0, 0.0, 0.0, 0.0, 0.0, 0.0]
[(11.0, 10.75), [True]]:[0.0, 0.0, 0.0, 0.0, 0.0, 0.0, 0.0]
[(10.5, 10.25), [True]]:[0.0, 0.0, 0.0, 0.0, 0.0, 0.0, 0.0]
[(11.5, 11.25), [True]]:[0.0, 0.0, 0.0, 0.0, 0.0, 0.0, -500.0]
[(11.75, 11.75), [True]]:[0.0, 0.0, 0.0, 0.0, 0.0, 0.0, 0.0]
[(11.5, 9.75), [True]]:[0.0, 0.0, 0.0, 0.0, 0.0, 0.0, 0.0]
[(12.0, 10.0), [True]]:[0.0, 0.0, 0.0, 0.0, 0.0, 0.0, 0.0]
[(13.25, 11.0), [True]]:[0.0, 0.0, 0.0, 0.0, 0.0, 0.0, 0.0]
[(13.75, 11.5), [True]]:[-500.0, -500.0, -500.0, 0.0, 0.0, -500.0, 0.0]
[(14.0, 11.75), [True]]:[0.0, 0.0, 0.0, 0.0, 0.0, 0.0, 0.0]
[(4.25, 9.0), [True]]:[0.0, 0.0, 0.0, 0.0, 0.0, 0.0, 0.0]
[(10.25, 11.75), [True]]:[0.0, 0.0, 0.0, 0.0, 0.0, 0.0, 0.0]
[(2.25, 12.0), [True]]:[0.0, 0.0, 0.0, 0.0, 0.0, 0.0, 0.0]
[(11.0, 9.5), [True]]:[0.0, 0.0, 0.0, 0.0, 0.0, 0.0, 0.0]
[(11.5, 10.25), [True]]:[0.0, 0.0, 0.0, 0.0, 0.0, 0.0, 0.0]
[(12.0, 10.75), [True]]:[0.0, 0.0, 0.0, 0.0, 0.0, 0.0, 0.0]
[(11.5, 11.0), [True]]:[0.0, 0.0, 0.0, 0.0, 0.0, 0.0, 0.0]
[(12.0, 11.5), [True]]:[-500.0, -500.0, 0.0, 0.0, 0.0, 0.0, -500.0]
[(12.5, 11.75), [True]]:[0.0, 0.0, 0.0, 0.0, 0.0, 0.0, 0.0]
[(21.25, 16.75), [True]]:[0.0, 0.0, 0.0, 0.0, 0.0, 0.0, 0.0]
[(2.75, 11.25), [True]]:[0.0, 0.0, 0.0, 0.0, 0.0, 0.0, 0.0]
[(11.5, 10.75), [True]]:[0.0, 0.0, 0.0, 0.0, 0.0, 0.0, 0.0]
[(12.25, 11.5), [True]]:[0.0, 0.0, 0.0, 0.0, 0.0, 0.0, 0.0]
[(11.0, 11.75), [True]]:[0.0, 0.0, 0.0, 0.0, 0.0, 0.0, 0.0]
[(13.75, 11.75), [True]]:[0.0, 0.0, 0.0, 0.0, 0.0, 0.0, 0.0]
[(20.25, 11.75), [True]]:[0.0, 0.0, 0.0, 0.0, 0.0, 0.0, 0.0]
[(20.0, 11.75), [True]]:[0.0, 0.0, 0.0, 0.0, 0.0, 0.0, 0.0]
[(21.75, 14.5), [True]]:[0.0, 0.0, 0.0, 0.0, 0.0, 0.0, 0.0]
[(11.5, 11.5), [True]]:[-950.0, -950.0, -500.0, 0.0, 0.0, 0.0, 0.0]
[(11.75, 11.5), [True]]:[0.0, 0.0, 0.0, 0.0, 0.0, 0.0, 0.0]
[(21.75, 15.25), [True]]:[0.0, 0.0, 0.0, 0.0, 0.0, 0.0, 0.0]
[(21.75, 15.0), [True]]:[0.0, 0.0, 0.0, 0.0, 0.0, 0.0, 0.0]
[(22.75, 12.5), [True]]:[0.0, 0.0, 0.0, 0.0, 0.0, 0.0, 0.0]
[(23.25, 12.5), [True]]:[0.0, 0.0, 0.0, 0.0, 0.0, 0.0, 0.0]
[(20.5, 11.25), [True]]:[0.0, 0.0, 0.0, 0.0, 0.0, 0.0, 0.0]
[(21.0, 10.75), [True]]:[0.0, 0.0, 0.0, 0.0, 0.0, 0.0, 0.0]
[(20.0, 10.0), [True]]:[0.0, 0.0, 0.0, 0.0, 0.0, 0.0, 0.0]
[(19.5, 10.0), [True]]:[0.0, 0.0, 0.0, 0.0, 0.0, 0.0, 0.0]
[(19.0, 10.25), [True]]:[500.0, 0.0, 0.0, 0.0, 0.0, 0.0, 0.0]
[(18.75, 10.25), [True]]:[0.0, 0.0, 0.0, 0.0, 0.0, 0.0, 0.0]
[(21.5, 13.75), [True]]:[0.0, 0.0, 0.0, 0.0, 0.0, 0.0, 0.0]
[(21.5, 13.25), [True]]:[0.0, 0.0, 0.0, 0.0, 0.0, 0.0, 0.0]
[(21.5, 12.5), [True]]:[0.0, 0.0, 0.0, 0.0, 0.0, 0.0, 0.0]
[(22.0, 12.25), [True]]:[0.0, 0.0, 0.0, 0.0, 0.0, 0.0, 0.0]
[(23.0, 11.0), [True]]:[0.0, 0.0, 0.0, 0.0, 0.0, 0.0, 0.0]
[(23.0, 10.5), [True]]:[0.0, 0.0, 0.0, 0.0, 0.0, 0.0, 0.0]
[(23.0, 10.25), [True]]:[0.0, 0.0, 0.0, 0.0, 0.0, 0.0, 0.0]
[(23.0, 10.0), [True]]:[0.0, 0.0, 0.0, 0.0, 0.0, 0.0, 0.0]
[(22.5, 10.0), [True]]:[0.0, 0.0, 0.0, 0.0, 0.0, 0.0, 0.0]
[(22.0, 10.0), [True]]:[0.0, 0.0, 0.0, 0.0, 0.0, 0.0, 0.0]
[(21.5, 10.0), [True]]:[0.0, 0.0, 0.0, 0.0, 0.0, 0.0, 0.0]
[(19.25, 10.25), [True]]:[500.0, 0.0, 0.0, 0.0, 0.0, 0.0, 0.0]
[(19.25, 10.5), [True]]:[0.0, 0.0, 0.0, 0.0, 0.0, 0.0, 0.0]
[(13.5, 11.75), [True]]:[0.0, 0.0, 0.0, 0.0, 0.0, 0.0, 0.0]
[(12.0, 11.0), [True]]:[0.0, 0.0, 0.0, 0.0, 0.0, 0.0, 0.0]
[(21.0, 16.75), [True]]:[0.0, 0.0, 0.0, 0.0, 0.0, 0.0, 0.0]
[(20.5, 11.75), [True]]:[0.0, 0.0, 0.0, 0.0, 0.0, 0.0, 0.0]
[(19.5, 11.25), [True]]:[0.0, 0.0, 0.0, 0.0, 0.0, 0.0, 0.0]
[(20.0, 10.75), [True]]:[0.0, 0.0, 0.0, 0.0, 0.0, 0.0, 0.0]
[(20.5, 10.25), [True]]:[0.0, 0.0, 0.0, 0.0, 0.0, 0.0, 0.0]
[(21.5, 10.25), [True]]:[0.0, 0.0, 0.0, 0.0, 0.0, 0.0, 0.0]
[(22.0, 10.25), [True]]:[0.0, 0.0, 0.0, 0.0, 0.0, 0.0, 0.0]
[(22.75, 10.75), [True]]:[0.0, 0.0, 0.0, 0.0, 0.0, 0.0, 0.0]
[(23.25, 11.0), [True]]:[0.0, 0.0, 0.0, 0.0, 0.0, 0.0, 0.0]
[(23.25, 11.25), [True]]:[0.0, 0.0, 0.0, 0.0, 0.0, 0.0, 0.0]
[(23.25, 11.75), [True]]:[0.0, 0.0, 0.0, 0.0, 0.0, 0.0, 0.0]
[(23.25, 12.25), [True]]:[0.0, 0.0, 0.0, 0.0, 0.0, 0.0, 0.0]
[(20.5, 11.0), [True]]:[0.0, 0.0, 0.0, 0.0, 0.0, 0.0, 0.0]
[(21.0, 10.5), [True]]:[0.0, 0.0, 0.0, 0.0, 0.0, 0.0, 0.0]
[(22.25, 10.0), [True]]:[0.0, 0.0, 0.0, 0.0, 0.0, 0.0, 0.0]
[(22.75, 10.25), [True]]:[0.0, 0.0, 0.0, 0.0, 0.0, 0.0, 0.0]
[(23.0, 10.75), [True]]:[0.0, 0.0, 0.0, 0.0, 0.0, 0.0, 0.0]
[(23.0, 11.25), [True]]:[0.0, 0.0, 0.0, 0.0, 0.0, 0.0, 0.0]
[(22.25, 13.5), [True]]:[0.0, 0.0, 0.0, 0.0, 0.0, 0.0, 0.0]
[(11.5, 11.75), [True]]:[0.0, 0.0, 0.0, 0.0, 0.0, 0.0, 0.0]
[(12.0, 9.25), [True]]:[0.0, 0.0, 0.0, 0.0, 0.0, 0.0, 0.0]
[(12.75, 9.75), [True]]:[0.0, 0.0, 0.0, 0.0, 0.0, 0.0, 0.0]
[(14.25, 11.75), [True]]:[0.0, 0.0, 0.0, 0.0, 0.0, 0.0, 0.0]
[(22.5, 12.0), [True]]:[0.0, 0.0, 0.0, 0.0, 0.0, 0.0, 0.0]
[(13.75, 10.0), [True]]:[0.0, 0.0, 0.0, 0.0, 0.0, 0.0, 0.0]
[(12.0, 11.75), [True]]:[0.0, 0.0, 0.0, 0.0, 0.0, 0.0, 0.0]
[(14.5, 11.5), [True]]:[0.0, 0.0, 0.0, 0.0, 0.0, 0.0, 0.0]
[(12.0, 10.25), [True]]:[0.0, 0.0, 0.0, 0.0, 0.0, 0.0, 0.0]
[(22.0, 12.0), [True]]:[0.0, 0.0, 0.0, 0.0, 0.0, 0.0, 0.0]
[(22.5, 11.5), [True]]:[0.0, 0.0, 0.0, 0.0, 0.0, 0.0, 0.0]
