[3.0, 11.5, 0.0, 0.0]:[-2.0613981338508873, -2.085116440041119, -2.0352128664481794, -2.034605823046869, -2.018255235750856, -2.0955779331353988, -2.026463422206754]
[3.5, 11.5, 0.0, 0.0]:[-2.0246749717514283, -1.9648176868436504, -2.006902292794438, -1.9063351333631182, -1.810099481056306, -1.8905596681615582, -1.9751065071353087]
[4.0, 11.5, 0.0, 0.0]:[-1.9359301577787484, -1.8477544456638948, -1.955284961073055, -1.8487967495287285, -1.8451918960283553, -1.8844662398379461, -1.9014308578870949]
[5.0, 11.5, 0.0, 0.0]:[-1.9300579208372257, -1.9270687128030368, -1.9163345002510996, -1.8608114964966003, -1.8468253238589396, -1.8581548980579177, -1.931294355655028]
[5.5, 11.5, 0.0, 0.0]:[-1.8998854831338914, -1.8816235844083136, -1.899530703565349, -1.881783482863407, -1.8759478295779646, -1.8896425238065522, -1.9299543960546548]
[6.0, 11.0, 0.0, 0.0]:[-1.7265534508776708, -1.7560842450964276, -1.6776197030769406, -1.714662217291, -1.6352511659378006, -1.735332313073068, -1.6519140327254598]
[7.0, 10.0, 0.0, 0.0]:[-1.549946330218992, -1.5340653358327745, -1.5421845384979043, -1.584348347163541, -1.6123220346505978, -1.4770948950672018, -1.55152656367581]
[7.5, 9.5, 0.0, 0.0]:[-1.5277862328122143, -1.5510338673029818, -1.5412930087668397, -1.6480752338511975, -1.562997183617754, -1.5907976936089279, -1.5463478639007744]
[7.0, 9.5, 0.0, 0.0]:[-1.5954664997499597, -1.6092806405219875, -1.5655798437765172, -1.5819968953282313, -1.6092849092185406, -1.5632422868273044, -1.629034830848977]
[7.5, 9.0, 0.0, 0.0]:[-1.5979067849108723, -1.5780146826712742, -1.5812130454149764, -1.5968341983508565, -1.6307680860740628, -1.609428148045116, -1.5887603657281066]
[7.5, 8.5, 0.0, 0.0]:[-1.5862243050813447, -1.5807170651694813, -1.60712983704334, -1.6282574176888964, -1.6477060070909924, -1.6334950761021967, -1.5349084000741726]
[7.5, 10.0, 0.0, 0.0]:[-1.5027129598737754, -1.6093082963256014, -1.5895589970252417, -1.553844307197072, -1.605935921890962, -1.578268250887421, -1.5827304960634518]
[7.5, 10.5, 0.0, 0.0]:[-1.5558377945826631, -1.5927297133524747, -1.5567748009900555, -1.5495289212999954, -1.632874592628204, -1.6310964436737616, -1.5293433094021496]
[7.5, 11.5, 0.0, 0.0]:[-1.7715402375476739, -1.7621378141038306, -1.7776187379884063, -1.7820796923776459, -1.6833826785979815, -1.7586571788652168, -1.71780997684129]
[8.0, 11.5, 0.0, 0.0]:[-1.7647185729746777, -1.6869867222293524, -1.7036101936610817, -1.6994916116550702, -1.683597896010816, -1.7420068907032968, -1.7744209851336399]
[9.0, 11.5, 0.0, 0.0]:[-1.6658103200497858, -1.6512426006727403, -1.6968430106802743, -1.6688067971247862, -1.6666320438669526, -1.694473073716035, -1.724005820944896]
[9.5, 11.5, 0.0, 0.0]:[-1.6130264365299642, -1.6530768081481515, -1.637614477488658, -1.6340599020436857, -1.6357126514069709, -1.7232409897198382, -1.709683942866073]
[10.0, 10.5, 0.0, 0.0]:[-1.4861592846531366, -1.5643347206333105, -1.548028770470852, -1.3499008465712818, -1.498992057047324, -1.5051077151126107, -1.4618128968012138]
[11.0, 10.0, 0.0, 0.0]:[-1.3808445002559309, -1.2305942302135249, -1.3043346201879502, -1.246589140508513, -1.3618766317754702, -1.307637110519692, -1.2293500114818738]
[11.5, 9.5, 0.0, 0.0]:[-1.1623994782679856, -1.3109098202446443, -1.3671097058102686, -1.3279133494981488, -1.380261309151082, -1.3193308660645937, -1.3384285648652523]
[12.0, 9.0, 0.0, 0.0]:[-1.2403158174848534, -1.2135656063990519, -1.2486372267718922, -1.0720464791768967, -1.191315303162896, -1.243762396264661, -1.2304201705572155]
[13.0, 9.0, 0.0, 0.0]:[-1.2898690731398208, -1.2478372676397562, -1.2168865990780833, -1.253389009652146, -1.2125092896094751, -1.2222972899856273, -1.20741584727917]
[13.5, 8.5, 0.0, 0.0]:[-1.2360600182762385, -1.1836883261258246, -1.2524852602855123, -1.3483425718133817, -1.2791369869917568, -1.3267900720131842, -1.21113437917559]
[14.0, 8.5, 0.0, 0.0]:[-1.3428941929544114, -1.3589136481285098, -1.3314520349785743, -1.3437969218790715, -1.3027091218799522, -1.3610763965956223, -1.3878319315842154]
[15.0, 8.5, 0.0, 0.0]:[-1.1713920728486125, -1.1308591198604252, -0.8539380433558468, -1.1158443082951282, -1.1225894121228253, -1.1782005154755884, -1.1658601081015587]
[15.0, 9.0, 0.0, 0.0]:[-1.2751335034135338, -1.300356157563237, -1.2483621583339397, -1.240033973050279, -1.2439059291857189, -1.2653010122656598, -1.2135950883238265]
[14.0, 9.5, 0.0, 0.0]:[-1.2831002619923197, -1.239919637643497, -1.248335929527285, -1.070783876371939, -1.2398730352445653, -1.2749671356015373, -1.2555471619080216]
[13.5, 10.0, 0.0, 0.0]:[-1.1783012258618508, -1.1830894248423098, -1.1347219587267912, -1.2244676504097167, -1.1888711618930414, -1.1429321423124814, -1.1554429007891143]
[14.0, 10.5, 0.0, 0.0]:[-1.2220265283992027, -1.2950210755545961, -1.2611809401789067, -1.2258999703641087, -1.2067325056415585, -1.2465108013743378, -1.2482303171554792]
[15.0, 11.5, 0.0, 0.0]:[-1.3988394400658022, -1.3112460400237707, -1.350822749146171, -1.406724714613758, -1.299139024018149, -1.4077154690449936, -1.3175253675952212]
[15.5, 11.5, 0.0, 0.0]:[-1.3620511923475631, -1.391990825897755, -1.4064665121691893, -1.4649739303695992, -0.8686812343098822, -1.4607232201096403, -1.3299731423056231]
[15.0, 11.5, 0.0, 1.0]:[-0.6218503114861155, -0.9721815654010199, -0.5338719151077844, -1.1056925949323715, -0.8026865636508854, -0.5987606453141181, -0.9741367364035121]
[14.0, 10.5, 0.0, 1.0]:[-0.26289024353027346, -0.6232085480220844, -0.20605163574218752, -0.5587545453769642, -0.5269343562187714, -0.22890625000000003, -0.4237501804276516]
[14.0, 10.0, 0.0, 0.0]:[-1.1065896149363643, -1.1362439252898076, -1.1852690176760534, -1.0723844961895412, -1.1337288843874636, -1.1666054487045971, -1.1666478347429754]
[15.0, 9.5, 0.0, 1.0]:[-0.45433349609374996, -0.51328125, -0.6209665368025282, -0.6959142493909007, -0.4334546466668877, -0.765185768427821, -0.7031518074823798]
[15.0, 9.0, 0.0, 1.0]:[-0.5931378054236078, -0.4544720888137817, -0.42837213685996406, -0.424165975023061, -0.43581631183624264, -0.619806701406588, -0.6471852817409127]
[15.5, 9.0, 0.0, 0.0]:[-1.3137390187168219, -1.3252771583477623, -1.2740031805600314, -1.2561458451477208, -1.250844933104057, -1.3263960918982622, -1.3415833826446386]
[16.0, 8.5, 0.0, 1.0]:[-1.0543543186524447, -1.049008401016057, -0.8834212887164175, -0.9449137836291848, -0.8901087307329337, -0.7579938201778791, -0.9253618341384015]
[16.0, 9.0, 0.0, 1.0]:[-0.8770768969501265, -0.9744519426459586, -0.7446166248361195, -0.8366293782539898, -0.7944820096275425, -0.6385029845714232, -0.8100653997902856]
[16.0, 10.0, 0.0, 1.0]:[-0.6142764230769623, -0.4221656547012256, -0.7651808500691322, -0.6753785775374331, -0.8803291942330616, -0.4715966853206742, -0.4328338691382669]
[16.0, 10.5, 0.0, 1.0]:[-0.3529648937284947, -0.5028831893531936, -0.5395713391189652, -0.3470596871407565, -0.3439834503966267, -0.5514162493179873, -0.6636043276319639]
[16.5, 11.0, 0.0, 0.0]:[-1.4154894131486477, -1.269467447411774, -1.4492529487688672, -1.4904736379579027, -1.41690100902984, -1.4296971218237529, -1.4208109147025336]
[16.0, 11.5, 0.0, 0.0]:[-1.4903671853158573, -1.4121998083493228, -1.44192239442682, -1.4650127992391102, -1.472354997623166, -1.4210661283571726, -1.5373592868269823]
[16.5, 11.5, 0.0, 0.0]:[-1.4766674883400892, -1.5081859198553857, -1.5147401545486825, -1.5238729947354601, -1.2289690329196181, -1.5509122983539645, -1.565870057160137]
[16.5, 10.5, 0.0, 0.0]:[-1.4509729152793023, -1.3880182742909721, -1.4272969548422463, -1.2954911461398009, -1.3763905199691258, -1.407653811551591, -1.385177114789328]
[16.5, 10.0, 0.0, 0.0]:[-1.4467366098359569, -1.3676037687727196, -1.3752779678925364, -1.399652225300931, -1.3535385638452282, -1.3939674615762598, -1.1912690382812778]
[16.0, 10.5, 0.0, 0.0]:[-1.2696137874619111, -1.2744534238656073, -1.1946389810572158, -1.2371729823548534, -1.2710284985735676, -1.387018000369517, -1.2004911714618738]
[15.5, 11.0, 0.0, 0.0]:[-0.949178026150137, -1.2149764473808815, -0.983021637429934, -1.1081712432936266, -0.9778402786433893, -1.019914794991277, -1.1603794588347607]
[14.5, 11.5, 0.0, 0.0]:[-1.3028249685480398, -1.2926055771771394, -1.3742162064256105, -1.3658338167773145, -0.9957351672434742, -1.3095482936099292, -1.3313667880036553]
[14.0, 11.5, 0.0, 0.0]:[-1.4661375553146994, -1.4583063283639497, -1.3941830831100446, -1.433409838223148, -1.414640894247575, -1.4214512003252708, -1.4761203149880546]
[13.5, 11.5, 0.0, 0.0]:[-1.4773594749949548, -1.473816222564413, -1.5115135068439902, -1.4407169342379471, -1.4379970804449944, -1.4377311040461898, -1.4763850899672284]
[16.5, 10.0, 0.0, 1.0]:[-1.1871893384574088, -1.2325781012999424, -0.9486968452645284, -1.0858118140366542, -0.9320205774208428, -1.0420195002722772, -1.1611100858155248]
[16.5, 11.0, 0.0, 1.0]:[-0.8907231236359745, -0.9418187647752749, -0.9085435150936553, -1.0004330273370106, -1.1610228266880303, -0.9883233719084448, -1.0278954267744504]
[15.5, 10.5, 0.0, 0.0]:[-1.2158294673663546, -1.2412515511596927, -1.026051897119959, -1.2044780592575492, -1.1655725018837924, -1.1609130868501043, -1.272191224055563]
[14.5, 10.0, 0.0, 0.0]:[-1.1973308513093825, -1.1296395407709086, -1.1200550062157641, -1.1608183512777837, -0.9112520167615074, -1.133835247753746, -1.2034295914141853]
[13.5, 10.5, 0.0, 0.0]:[-1.1576381258182562, -1.1778811425782325, -1.3385088195412713, -1.2033593830052576, -1.420403486307636, -1.2736004799506828, -1.1738205423759887]
[14.0, 11.5, 0.0, 1.0]:[-0.6333262449839822, -0.46322553094457253, -0.7405821232476618, -0.42519195670009824, -0.7013562658600201, -0.9392144385946479, -0.9718424655928507]
[14.5, 11.5, 0.0, 1.0]:[-0.6271597325089344, -1.0260998274292208, -0.7216993919506121, -0.9403821742418796, -0.666481662713325, -1.0596392831374335, -0.7745400210488987]
[15.5, 11.5, 0.0, 1.0]:[-0.8729471505410027, -0.6906828776993755, -0.6056415122750248, -0.7451414228623097, -0.8577416226603247, -0.9218894183860618, -0.6061231051353138]
[14.5, 10.5, 0.0, 0.0]:[-1.272010577769293, -1.1803491208542831, -1.3442240865658732, -1.1685978269955408, -1.252118210237923, -1.2023984986631973, -1.1382994013406402]
[14.5, 9.5, 0.0, 0.0]:[-1.1939295826883574, -1.0396760880022373, -1.2343504570164887, -1.2420476178167523, -1.245695594574403, -1.270586775359459, -1.169282498412147]
[14.0, 9.0, 0.0, 1.0]:[-0.9334081657097959, -0.611449644365348, -0.8277267087885123, -0.5158906919852144, -0.6242806518386659, -0.628088399262811, -0.3890510915778578]
[13.5, 9.0, 0.0, 1.0]:[-0.7313167856467021, -0.19531250000000003, -0.3240249380469322, -0.18125, -0.209375, -0.2904296875, -0.371240234375]
[12.5, 8.5, 0.0, 1.0]:[-0.45192089080810544, -0.6554069268968307, -0.8751089564901804, -0.45087318420410155, -0.7779935416795709, -0.338825985789299, -0.41689453125]
[12.0, 8.5, 0.0, 1.0]:[-0.661589241027832, -0.32579345703125, -0.1853329658508301, -0.3292647123336792, -0.4690399169921875, -0.6923651848461305, -0.5478218078613281]
[11.5, 9.0, 0.0, 1.0]:[-0.3328125, -0.6200032473096143, -0.6748613357543944, -0.6983389604127742, -0.1375, -0.4099786955863237, -0.4567559202201664]
[12.0, 9.5, 0.0, 1.0]:[-0.125, -0.2041015625, -0.184375, -0.11250000000000002, -0.15000000000000002, -0.5790558342226078, -0.125]
[12.5, 10.5, 0.0, 0.0]:[-1.36680481567409, -1.3395367944270073, -1.3612043570399248, -1.377268727463087, -1.3968600572736087, -1.4804123670598104, -1.4594930584922738]
[13.5, 11.0, 0.0, 0.0]:[-1.2302954203786984, -1.3059287029076967, -1.2369061761350677, -1.2805139392443596, -1.334846630410711, -0.8100342033204326, -1.3707672131095334]
[12.5, 11.5, 0.0, 0.0]:[-1.5618319580903819, -1.5561797520107503, -1.4917956178440521, -1.332615553389381, -1.5287702609870828, -1.5776039656062397, -1.4817874030849372]
[12.5, 10.0, 0.0, 0.0]:[-1.2655477986897021, -1.2464698712418651, -1.3295732364463846, -1.2519409440882039, -1.2473925917556516, -1.2280718598282676, -1.3706863058998549]
[12.5, 9.5, 0.0, 1.0]:[-0.4579166378756921, -0.4983295527377956, -0.20234375000000004, -0.1974609375, -0.2158203125, -0.8179758958854485, -0.7633009573662426]
[12.5, 9.0, 0.0, 0.0]:[-1.1816346539551676, -1.2744761512701128, -1.181839115921027, -1.2323465542116048, -1.295530483522376, -1.2818486496685373, -1.2553906167962237]
[12.0, 8.5, 0.0, 0.0]:[-1.2662498503515662, -1.325917139766113, -1.3233702886769518, -1.2456862945274365, -1.2664820814415347, -1.227583538500117, -1.324177859699863]
[12.5, 8.5, 0.0, 0.0]:[-1.2269618156885924, -1.207602956459911, -1.2547606956922728, -1.1739719611208446, -1.2082988941082253, -1.185989109328362, -1.218256242113838]
[10.5, 10.0, 0.0, 0.0]:[-1.3282618585678079, -1.289562820462085, -1.3930043481177772, -1.1846960651861127, -1.3211980152848897, -1.4119364885293515, -1.296739189662869]
[8.5, 11.5, 0.0, 0.0]:[-1.6728198732149382, -1.7115424624178868, -1.708459103922475, -1.6724894582101002, -1.6390497592763995, -1.7439184617827848, -1.7345288416478224]
[10.0, 11.5, 0.0, 0.0]:[-1.7060607796268683, -1.737787764806722, -1.7121463335018268, -1.6809073760218252, -1.6815365311988022, -1.7252123011735465, -1.741450006404778]
[10.5, 11.5, 0.0, 0.0]:[-1.6886752767600814, -1.6507925476150151, -1.6146112187129664, -1.60607759071595, -1.6055041029077217, -1.646324989391943, -1.6261338008600963]
[11.5, 11.5, 0.0, 0.0]:[-1.4568073255325822, -1.4934164393461518, -1.5161251235685052, -1.4804808350604226, -1.3465526434160946, -1.464585183949377, -1.4983757479302486]
[12.0, 11.5, 0.0, 0.0]:[-1.5195630785446312, -1.5235932510649177, -1.5646986498706235, -1.5593525319780701, -1.5205398893485174, -1.5251484802024295, -1.5306556093926171]
[11.5, 10.5, 0.0, 0.0]:[-1.356612614602889, -1.281884384886209, -1.3320600453300897, -1.3409462250047037, -1.4716706221462341, -1.3179782090103493, -1.3594916714286498]
[10.0, 9.5, 0.0, 0.0]:[-1.4726433220307356, -1.3947323468129849, -1.5140115543703676, -1.3958317957002924, -1.4345581129791025, -1.3906079955354023, -1.4409681299923256]
[9.5, 9.0, 0.0, 0.0]:[-1.4951878348386423, -1.3943024451876047, -1.4381362131172788, -1.4182929643976658, -1.5844274184599332, -1.4595088104158682, -1.4192409243219202]
[8.5, 9.0, 0.0, 0.0]:[-1.5640382059010616, -1.544745830082411, -1.4864258935632915, -1.3794072200849543, -1.5145770388558923, -1.3835058870028663, -1.5172315805626906]
[8.0, 8.5, 0.0, 0.0]:[-1.594326137552264, -1.637825217423961, -1.614776495551109, -1.5767005944314112, -1.6019174137154517, -1.6214021204047584, -1.6569923381276657]
[8.5, 8.5, 0.0, 0.0]:[-1.6418828425928957, -1.6406250000000004, -1.6194503608807946, -1.6432870333239857, -1.660953844129045, -1.688292145659684, -1.6411496990643228]
[9.5, 8.5, 0.0, 0.0]:[-1.5717646118794515, -1.5618918170229206, -1.6146828835809082, -1.587820160228648, -1.5894116015233917, -1.5840704241165198, -1.5837690487958875]
[6.5, 9.0, 0.0, 0.0]:[-1.378917650454318, -1.4692224886425764, -1.395487877335205, -1.416136334478752, -1.3864661708646597, -1.3340797087406906, -1.4998962087592824]
[6.5, 9.5, 0.0, 0.0]:[-1.4297200288740792, -1.4151220985772497, -1.46926342109475, -1.3437244549896534, -1.4896702525934202, -1.4330870358553005, -1.4941143413037574]
[6.0, 10.0, 0.0, 0.0]:[-1.5797693513682827, -1.5051531802038578, -1.6171440175224716, -1.6003378463238391, -1.5206016230588317, -1.5127778669060767, -1.4992490285707103]
[5.5, 10.5, 0.0, 0.0]:[-1.6169627790428347, -1.5800366513399688, -1.6862392482880515, -1.6392832100303862, -1.62455652381222, -1.668849505019101, -1.7029401687795436]
[4.5, 11.5, 0.0, 0.0]:[-1.8745228303678756, -1.8860288173985031, -1.8988152116115642, -1.8969884618132116, -1.8180616835404195, -1.8838461329637055, -1.8756819357146677]
[2.0, 11.5, 0.0, 0.0]:[-1.8627548471378432, -1.9461104051912024, -1.9511626333902563, -1.8637414794216254, -1.8392798910011625, -1.9557751551411435, -1.9523979235431852]
[1.5, 11.0, 0.0, 0.0]:[-1.6942344531580167, -1.6909817440466268, -1.9134164032477465, -1.6739749590369817, -1.6436587086683532, -1.6408699319323956, -1.7029238740007915]
[1.0, 10.0, 0.0, 0.0]:[-1.6927930687452397, -1.7247106770646954, -1.683035154682222, -1.7001579797650972, -1.6202748560685047, -1.8186046697097917, -1.679786995204596]
[0.0, 9.5, 0.0, 0.0]:[-1.7872607117461552, -1.9062187336854022, -1.764430346176717, -1.7817475931011306, -1.7808584156327338, -1.8091815993470488, -1.742829485163798]
[0.5, 9.0, 0.0, 0.0]:[-1.5576851270878787, -1.5465694462396984, -1.7265586173966425, -1.621473084476439, -1.6700808978486053, -1.681559830088763, -1.724026177769829]
[1.0, 8.5, 0.0, 0.0]:[-1.7896799147841622, -1.7721436254049912, -1.7947071547151938, -1.689511108423817, -1.703888932974745, -1.7083221548270382, -1.7852367086550127]
[2.0, 9.0, 0.0, 0.0]:[-1.730681271033862, -1.713856264175083, -1.6930493217224467, -1.6976723630597559, -1.673477746079615, -1.6418950502825456, -1.73022435261174]
[2.5, 10.0, 0.0, 0.0]:[-1.7492416546167195, -1.5772755500865259, -1.499310770500142, -1.6366849004903312, -1.6036002724616631, -1.6527974547651776, -1.5317130465134783]
[2.0, 10.5, 0.0, 0.0]:[-1.7706143725850283, -1.8024481252883087, -1.7821125647953782, -1.8865536576859467, -1.8325798236698683, -1.7546269891321842, -1.7753648458599827]
[1.0, 11.5, 0.0, 0.0]:[-2.0356162999574448, -2.0825911891513065, -2.12602602307087, -2.0351199642282083, -2.0323084385314973, -2.040660564156241, -2.0533590624335627]
[0.5, 11.5, 0.0, 0.0]:[-1.9817409727113968, -2.0307446343629927, -1.9948373576528273, -2.0623389938992864, -1.9820486985375636, -1.9757681136364145, -1.9913686796401244]
[0.0, 11.5, 0.0, 0.0]:[-2.1248179089340753, -2.134702243237453, -2.122514393409308, -2.1337523781588117, -2.085391799853201, -2.131872866127728, -2.1400512108337235]
[0.0, 10.5, 0.0, 0.0]:[-1.9534332689990987, -1.914028110133353, -1.9921228620376081, -1.8616770715153739, -1.9349116323322524, -1.9205102080304832, -1.9749403247333936]
[0.0, 11.0, 0.0, 0.0]:[-1.9471809469341024, -2.01718592766893, -1.9653382347334238, -1.9510752774260922, -2.033540098417835, -1.8928714583004047, -2.0744041646429636]
[1.0, 10.5, 0.0, 0.0]:[-1.7741301001764902, -1.736027870776097, -1.9073869331602928, -1.732372235700212, -1.7946665017108854, -1.9301135183767573, -1.8941624225172964]
[0.5, 10.0, 0.0, 0.0]:[-1.7619241500801084, -1.617171478032779, -1.683475792279745, -1.7621745061350937, -1.6572187890864059, -1.7059722881862691, -1.680496151659471]
[0.0, 9.0, 0.0, 0.0]:[-1.8009911466444475, -1.7192532006237422, -1.7346166967674836, -1.740892524624908, -1.7409150197824377, -1.8279792028849227, -1.8089748125141205]
[0.0, 10.0, 0.0, 0.0]:[-1.8044863126152144, -1.7625019468512835, -1.812030915397485, -1.7447929592662685, -1.8069889809846416, -1.8604385303192055, -1.7849155705966107]
[0.5, 11.0, 0.0, 1.0]:[0.0, 0.0, 0.0, 0.0, 0.0, -0.05, 0.0]
[1.0, 11.5, 0.0, 1.0]:[-0.05, 0.0, 0.0, 0.0, -0.05, 0.0, -0.05]
[2.0, 11.5, 0.0, 1.0]:[-0.05, -0.05, -0.936652482870464, 0.0, 0.0, 0.0, -0.05]
[2.5, 11.5, 0.0, 1.0]:[0.0, 0.0, 0.0, 0.0, -0.1, -0.25110805531380154, 0.0]
[3.0, 10.5, 0.0, 0.0]:[-1.93918980471881, -1.8120955787856179, -1.7060868499372175, -1.7950184173899588, -1.7207609391109808, -1.7914435385720147, -1.7544945392656355]
[3.0, 10.0, 0.0, 1.0]:[-0.3789653289086555, -0.05, 0.0, -0.05, 0.0, 0.0, 0.0]
[3.0, 9.5, 0.0, 1.0]:[-0.6703891468389271, 0.0, 0.0, 0.0, 0.0, -0.1, 0.0]
[3.0, 10.0, 0.0, 0.0]:[-1.8469797464166966, -1.7712854578929371, -1.747784555982236, -1.8015297088565028, -1.8728656702418471, -1.7940065200779998, -1.7789533047133972]
[3.0, 10.5, 0.0, 1.0]:[-0.9168745943062143, -0.1, 0.0, 0.0, -0.07500000000000001, 0.0, 0.0]
[3.0, 11.5, 0.0, 1.0]:[-0.6671394231792084, -0.4675207971862384, -0.794478725770175, -0.7916288723069421, -0.17500000000000002, -0.1, -0.2680350176757202]
[1.5, 11.5, 0.0, 0.0]:[-1.8604935616880232, -1.9169034573739272, -2.0080814715498208, -1.9228790917236172, -1.9021212805109489, -1.8562784100980303, -1.9265848937496952]
[1.0, 9.5, 0.0, 0.0]:[-1.791475621619194, -1.8188494573650953, -1.7244341288804463, -1.79141393748204, -1.7453383874145127, -1.7556838220589546, -1.7158762645899017]
[1.5, 9.5, 0.0, 0.0]:[-1.6645042212559655, -1.6530853374809804, -1.669198058180458, -1.6890575409385211, -1.6267210877063882, -1.6928277095423416, -1.619978751857896]
[3.0, 9.5, 0.0, 0.0]:[-1.7103466365894957, -1.639259535694023, -1.6955118559455915, -1.7050045011216572, -1.649657006035608, -1.7255743930359606, -1.6673207905472887]
[3.5, 10.0, 0.0, 0.0]:[-1.8541546708653325, -1.7788464745132302, -1.7171525071379894, -1.6887712129511585, -1.6948829041381042, -1.7570108093613248, -1.7246407489734723]
[4.0, 11.0, 0.0, 0.0]:[-1.8821392477791465, -1.7871014597167938, -1.766594494547414, -1.7898506180618239, -1.7631858321329679, -1.8691324040123, -1.902653317349168]
[7.0, 11.5, 0.0, 0.0]:[-1.7430985701238146, -1.8083191608507718, -1.7289224012127509, -1.76261532609869, -1.6741300906389525, -1.7594664858151021, -1.738021315186665]
[6.0, 11.5, 0.0, 0.0]:[-1.757855898393545, -1.7532276659584838, -1.7562603420727374, -1.7504583947238164, -1.7205985670152035, -1.7681469989502703, -1.8044110210521596]
[7.0, 10.5, 0.0, 0.0]:[-1.5862538795356755, -1.5781859425003923, -1.639528603405491, -1.6747583498362721, -1.6070205407621292, -1.5650443889203212, -1.5503812137203377]
[7.0, 11.0, 0.0, 0.0]:[-1.6104094885616838, -1.5338557695610526, -1.56738641782924, -1.5999472227246665, -1.5816992161428924, -1.5304676110653803, -1.6831871035376462]
[9.0, 11.0, 0.0, 0.0]:[-1.583071032729058, -1.556602768923267, -1.5723672856004982, -1.5604776092823611, -1.6395808142623771, -1.693724427719162, -1.5288521366130734]
[9.0, 10.0, 0.0, 0.0]:[-1.5504974656033417, -1.5669582754464106, -1.4919346204676973, -1.5247739671559346, -1.4689294339987047, -1.527316683001405, -1.4511087543251613]
[9.0, 10.5, 0.0, 0.0]:[-1.5193850017161816, -1.509019181602194, -1.5161694525415719, -1.6258904859092258, -1.5551190655917657, -1.4991421358315427, -1.5044378306417368]
[8.0, 11.0, 0.0, 0.0]:[-1.5929862860670299, -1.550905412606486, -1.575112783930872, -1.5653342573809779, -1.6485757214964794, -1.565652463808078, -1.6261707956922207]
[10.0, 11.5, 0.0, 1.0]:[-1.0056391468811645, -1.1720100181113193, -1.011138872842967, -0.6776368820698504, -0.6827962112623753, -1.0524170161406177, -1.200223532166143]
[10.0, 10.5, 0.0, 1.0]:[-0.44315186236271986, -0.6477289648708338, -0.125, -0.6414409065489367, -0.7943230355646069, -0.7358531778819898, -0.225396728515625]
[10.0, 10.0, 0.0, 1.0]:[-0.7513808263144355, -0.8334633080753993, -0.5854343082715047, -0.7791331715156972, -0.4773229241138325, -1.0527030130016044, -0.67394551338366]
[9.5, 9.5, 0.0, 1.0]:[-0.05, -0.05, -0.1, 0.0, 0.0, 0.0, 0.0]
[9.0, 9.5, 0.0, 0.0]:[-1.530196800876808, -1.5429376177171141, -1.5393568553871164, -1.5682731528947715, -1.5443714880414094, -1.5705930118589877, -1.6253191458172274]
[8.0, 9.0, 0.0, 1.0]:[-0.05, -0.05, 0.0, 0.0, 0.0, 0.0, 0.0]
[8.0, 8.5, 0.0, 1.0]:[-0.1, -0.11875000000000001, -0.05, -0.05, -0.05, -0.6621420651109086, -0.05]
[8.0, 9.0, 0.0, 0.0]:[-1.5914286842593572, -1.5857084953900609, -1.623500384774741, -1.6676842704439827, -1.6227840901905957, -1.6217758779320586, -1.6607936178799103]
[9.0, 8.5, 0.0, 0.0]:[-1.5651969963384815, -1.6260331665282277, -1.568524130911949, -1.5766546696987658, -1.6481879835129494, -1.6044235822797592, -1.6398669335555334]
[10.0, 8.5, 0.0, 0.0]:[-1.5369374830139462, -1.531266524619423, -1.5538004670749603, -1.5361380011060604, -1.5079526525313702, -1.516803331215991, -1.5228365963741184]
[10.0, 9.0, 0.0, 0.0]:[-1.4656388792436101, -1.4655265531378232, -1.5280290049678786, -1.4195935048080055, -1.4398609503192605, -1.4743876387201644, -1.4868522083373934]
[10.0, 10.0, 0.0, 0.0]:[-1.4763717624828288, -1.4684563117323899, -1.397134947416807, -1.421092982136261, -1.4261270338707068, -1.5025487178294, -1.416262700394116]
[11.0, 11.5, 0.0, 0.0]:[-1.4739216282878815, -1.5589342797908086, -1.5535721843847756, -1.5454816138378682, -1.5562790743430834, -1.5667158331999347, -1.5107750557138808]
[13.0, 11.5, 0.0, 0.0]:[-1.5481040827629096, -1.408377957757164, -1.439531256364675, -1.508241511005385, -1.4503592992642305, -1.453997239708074, -1.5064320900940038]
[14.0, 10.0, 0.0, 1.0]:[-0.1966796875, -0.28356933593750006, -0.6775284488396278, -0.7363245425141007, -0.46050876294930276, -0.5366604175229895, -0.25874956193128756]
[13.5, 9.5, 0.0, 1.0]:[-0.5822242595760572, -0.7493955751469118, -0.6542061775922776, -0.6173841825947409, -0.2925901862187822, -0.6339401318704423, -0.6864820267761738]
[13.0, 9.5, 0.0, 0.0]:[-1.1438849000384543, -1.2010562292365634, -1.2264116464824388, -1.1743147094441673, -1.1746109504317737, -1.183252474782147, -1.1920972458284207]
[12.0, 9.0, 0.0, 1.0]:[-0.2860321044921875, -0.20312500000000003, -0.6381248637175304, -0.27187500000000003, -0.49492816925048827, -0.18184814453125003, -0.2704373598098755]
[11.5, 8.5, 0.0, 1.0]:[-1.091211071692857, -0.7453775591997382, -0.21250000000000002, -0.37395935058593754, -0.1, -0.6804609356470956, -0.5922794582264033]
[11.0, 9.0, 0.0, 1.0]:[-0.6583108736216673, -0.3019385236208336, -0.4095672607421875, -0.38637703553683733, -0.05, -0.39300134621528504, 0.0]
[9.5, 10.5, 0.0, 0.0]:[-1.5568486265799422, -1.5884493408694165, -1.5323588108117536, -1.5454161874358383, -1.5905707766013344, -1.4893882328590529, -1.547713544044686]
[3.5, 10.5, 0.0, 1.0]:[0.0, -0.05, 0.0, 0.0, 0.0, 0.0, -0.1]
[3.5, 10.0, 0.0, 1.0]:[-0.43383866715795727, 0.0, 0.0, 0.0, 0.0, 0.0, -0.07500000000000001]
[3.5, 9.5, 0.0, 1.0]:[-0.8074685545898999, 0.0, 0.0, 0.0, -0.1, 0.0, 0.0]
[3.5, 9.5, 0.0, 0.0]:[-1.7795208234104463, -1.7159765298055687, -1.7226684045277776, -1.7065613460528342, -1.7415659900172342, -1.7201015146573275, -1.766642228245741]
[3.5, 9.0, 0.0, 0.0]:[-1.8868334181137296, -1.6199988398739236, -1.5974586961550927, -1.6255823725021603, -1.6684344070769188, -1.6356655950165546, -1.7169638191937735]
[3.5, 8.5, 0.0, 0.0]:[-1.705195202782939, -1.6182684188175718, -1.639674866339579, -1.5973083636155305, -1.7041215791834206, -1.6029086553074774, -1.6945700661814773]
[5.0, 11.0, 0.0, 0.0]:[-1.7039872492907358, -1.5979916763089526, -1.7085654763267195, -1.5689863521281104, -1.7321325863060903, -1.6970455680857306, -1.7614304944277626]
[5.5, 10.0, 0.0, 1.0]:[0.0, 0.0, 0.0, 0.0, -0.05, -0.15000000000000002, 0.0]
[6.0, 9.5, 0.0, 1.0]:[0.0, -0.05, -0.05, 0.0, 0.0, 0.0, -0.05]
[5.5, 9.0, 0.0, 1.0]:[0.0, -0.05, 0.0, 0.0, 0.0, 0.0, 0.0]
[5.5, 8.5, 0.0, 1.0]:[-0.05, -0.125, -0.05, 0.0, 0.0, 0.0, -0.05]
[5.5, 8.5, 0.0, 0.0]:[-1.625491694883161, -1.605853605169441, -1.682816651808499, -1.6856262477602195, -1.613814659110428, -1.6005396023795093, -1.6284789523620358]
[5.5, 9.0, 0.0, 0.0]:[-1.5913111938082851, -1.5399242948409566, -1.578495914770234, -1.5447241001771057, -1.5341686580324696, -1.5948002451513865, -1.6585901658416198]
[5.5, 9.5, 0.0, 0.0]:[-1.591686122983658, -1.5722294797827767, -1.5836313792640146, -1.677330797395392, -1.6085577107795865, -1.6942133905959755, -1.6187301724276213]
[4.0, 11.5, 0.0, 1.0]:[-0.146875, -0.05, -0.05, -0.2683589935302735, 0.0, -0.1, 0.0]
[9.5, 9.5, 0.0, 0.0]:[-1.4146297401775416, -1.4831494104399816, -1.4931989923634856, -1.4535889247920792, -1.4092472110211443, -1.4153377425628135, -1.481297944587069]
[11.0, 9.5, 0.0, 0.0]:[-1.3009201907512162, -1.349190353373308, -1.2331114892015311, -1.279281419809235, -1.276086807853416, -1.293853254320628, -1.3890755591761224]
[11.5, 11.0, 0.0, 0.0]:[-1.4827917253587177, -1.2731938071403879, -1.4107254296931329, -1.2625193258807512, -1.3545974106852627, -1.3614824154121532, -1.3629823137252082]
[11.0, 10.5, 0.0, 0.0]:[-1.3080654740404565, -1.2542760794034136, -1.2515742788446895, -1.3104166979091563, -1.3149713965622287, -1.4093378292301675, -1.4491577676984058]
[11.5, 10.0, 0.0, 0.0]:[-1.2111291756092477, -1.2543319254580645, -1.305430855010113, -1.2854908988313416, -1.194322331208924, -1.2151903034686922, -1.285340446653449]
[12.0, 9.5, 0.0, 0.0]:[-1.2405226598864298, -1.246612154411958, -1.3026463604071536, -1.171956777356538, -1.259437956815753, -1.2937838971329305, -1.2462977874388983]
[11.5, 9.0, 0.0, 0.0]:[-1.2617750030808974, -1.3334220203378142, -1.2439822328091403, -1.2870897313937535, -1.2428696348908521, -1.2662831166178772, -1.2535127273579534]
[9.5, 11.0, 0.0, 0.0]:[-1.532977989990293, -1.578414191780161, -1.51704510693361, -1.586862634539024, -1.4540256043899493, -1.4257185131765593, -1.4226587979814318]
[10.0, 11.0, 0.0, 0.0]:[-1.5861733488283536, -1.4205984730758174, -1.5564994471153555, -1.5272351843107117, -1.5272853729578433, -1.486093592230258, -1.5557801551106003]
[12.0, 11.0, 0.0, 0.0]:[-1.4051665778657556, -1.4173485378668982, -1.418281175420975, -1.4123035824751415, -1.3311016795964123, -1.3698082849368785, -1.28920870365108]
[14.0, 11.0, 0.0, 0.0]:[-1.4131544657994692, -1.2612856021114869, -1.3228063278121835, -1.2847432255979143, -1.2521315990823, -1.2313762969771442, -1.2459562643641708]
[16.5, 11.5, 0.0, 1.0]:[-0.9503256756543494, -0.9203529723257307, -0.6786888871862653, -1.0983297201087192, -0.9913174386551036, -0.9448903350643751, -1.2048006674844647]
[16.5, 10.5, 0.0, 1.0]:[-0.6826626220574326, -0.8707818278606521, -0.3526387022693805, -0.7105124580559501, -0.7593974305671194, -1.0499523219241569, -0.7681176600217192]
[16.0, 11.5, 0.0, 1.0]:[-1.1232107936408133, -1.058782649742534, -0.7600856744128812, -1.061561956469375, -0.9954756076937944, -0.5511283567502238, -0.9338532819160645]
[10.5, 11.5, 0.0, 1.0]:[-0.474184558619163, -0.6932857565286256, -0.5979468155930909, -0.7904202758511246, -0.1560534965013517, -0.5045366123850407, -0.5723840925653202]
[6.0, 9.0, 0.0, 0.0]:[-1.5821255087524206, -1.5786231780569713, -1.5363114468821482, -1.551284609512794, -1.5726847816751144, -1.5627305335830795, -1.5984244662433027]
[4.5, 10.5, 0.0, 0.0]:[-1.5884298469239098, -1.650667541870467, -1.5295750809881201, -1.6580131836294782, -1.6145001600095634, -1.7008960582442252, -1.6322743761907565]
[3.0, 11.0, 0.0, 0.0]:[-1.9773286300151238, -2.0173466195216236, -1.9606983739388073, -1.8885078920019924, -1.973367738873482, -1.9494187708152024, -1.9614109218816207]
[4.0, 9.5, 0.0, 0.0]:[-1.6863277960119993, -1.6914680210416986, -1.6690050829210161, -1.7263845466892525, -1.669322508086414, -1.6861023233841443, -1.7655129530939662]
[5.0, 10.5, 0.0, 0.0]:[-1.7685432264138454, -1.704478854839913, -1.7159573451674386, -1.6507715887060277, -1.6882856463397156, -1.6573461478619738, -1.7757731198441777]
[5.5, 11.0, 0.0, 0.0]:[-1.611071453166086, -1.771662558447715, -1.7831253050396632, -1.5841966075627871, -1.6212322674481363, -1.6789139513311633, -1.602212063303067]
[5.0, 8.5, 0.0, 0.0]:[-1.6610732757138824, -1.726110989805771, -1.673460082001922, -1.6360365954722673, -1.6475025752695402, -1.714685734896848, -1.6446286209428949]
[4.0, 8.5, 0.0, 0.0]:[-1.9305578855222776, -1.6749098768617485, -1.7159847976106772, -1.6731219694126271, -1.683189390896683, -1.6683434362728295, -1.7181004333692813]
[4.0, 9.0, 0.0, 0.0]:[-1.8555975948770111, -1.6026413307978027, -1.6054179227331558, -1.697862003649329, -1.6541463876494373, -1.635917144443632, -1.6536392690945347]
[3.5, 11.0, 0.0, 0.0]:[-1.8035810556772789, -1.7258440498369076, -1.720182461022222, -1.5924648967610593, -1.7020402885920305, -1.8539228493920388, -1.7165895301039917]
[5.0, 9.5, 0.0, 0.0]:[-1.6103057783907828, -1.6217004807591882, -1.7439808870573232, -1.603899771971299, -1.6738806589974788, -1.6527723749885297, -1.663378726435138]
[5.0, 10.0, 0.0, 0.0]:[-1.7516790447121462, -1.6432841453213172, -1.6748461508383334, -1.7168061599366053, -1.6467263218720878, -1.763343320356178, -1.6787325742189934]
[5.0, 9.0, 0.0, 0.0]:[-1.6042691868367027, -1.6573760646783917, -1.6869967057675836, -1.562278161323016, -1.569542800942663, -1.6599700274034193, -1.5984812464435763]
[2.0, 10.0, 0.0, 0.0]:[-1.9289948943841364, -1.681426433240802, -1.6697014219337922, -1.8409771552212262, -1.705872090389816, -1.7067736825428048, -1.6399442854864814]
[2.0, 9.5, 0.0, 0.0]:[-1.6008567792371582, -1.6196731400972633, -1.6738374564770493, -1.6936480567100252, -1.720074217811566, -1.5963662782682007, -1.754706497887745]
[4.0, 10.0, 0.0, 0.0]:[-1.6908222108791247, -1.6671358149610493, -1.6461544673837292, -1.6452806514842213, -1.6716071532782006, -1.7579718068817614, -1.6717935966231665]
[1.5, 8.5, 0.0, 0.0]:[-1.5589653988739145, -1.625135332882278, -1.6958704691899689, -1.6691916648643903, -1.565316115763499, -1.5982244128629963, -1.625006432829632]
[2.0, 8.5, 0.0, 0.0]:[-1.636578451877455, -1.6389988094329628, -1.6936079790440965, -1.7416578354230303, -1.736852419147907, -1.6688516978891208, -1.6509290374404952]
[1.0, 11.0, 0.0, 0.0]:[-1.7630720971790086, -1.7484981062081997, -1.9271864018576577, -1.7921092177158862, -1.8575898245162747, -1.914760276336129, -1.7862118902689494]
[1.5, 10.0, 0.0, 0.0]:[-1.6502819083267073, -1.669383765049158, -1.614335397061887, -1.6548959111333486, -1.7224880339046575, -1.7072547376133658, -1.5743365861886063]
[4.0, 10.5, 0.0, 0.0]:[-1.9225576858934068, -1.7457177856527069, -1.773616145206962, -1.7143162924295288, -1.6879548967438165, -1.8645473401403307, -1.730460373335427]
[4.5, 9.0, 0.0, 0.0]:[-1.532520683086715, -1.4046820919686689, -1.4464109081341114, -1.5713011788062174, -1.4805026708663407, -1.361400946983239, -1.5236290194572115]
[3.0, 9.0, 0.0, 0.0]:[-1.582621932500711, -1.4812632601718931, -1.638796454431215, -1.5783181490267868, -1.5392969595119443, -1.6111988940482211, -1.6536155565288784]
[8.0, 10.5, 0.0, 0.0]:[-1.5860296738293815, -1.555058218195466, -1.5676158200748693, -1.5924281146461992, -1.5801277527700361, -1.6210938100124204, -1.6835920702009477]
[0.0, 8.5, 0.0, 0.0]:[-1.755556586787296, -1.740962097940772, -1.7897367368434356, -1.7923116478912875, -1.7306269288271912, -1.7814816227953147, -1.798997914714925]
[0.5, 9.5, 0.0, 0.0]:[-1.719458353377762, -1.536644017245223, -1.6162256884244726, -1.631666510198083, -1.6827411927892348, -1.6202208195318906, -1.601004604468767]
[2.0, 11.0, 0.0, 0.0]:[-1.7391172222369073, -1.7307975680605154, -1.8854418274572884, -1.7944409901371834, -1.766181640795912, -1.7628500240360387, -1.7910662760782206]
[2.5, 11.5, 0.0, 0.0]:[-1.8901336839395833, -1.8160197826859719, -1.7684937319212377, -1.8679359992879838, -1.8059213965942007, -1.8234192013499062, -1.8692303963877945]
[1.0, 9.0, 0.0, 0.0]:[-1.6573847323111819, -1.6319992761327153, -1.7098461013013284, -1.6343102042420612, -1.5946547901708672, -1.5921296248887682, -1.7307648278018877]
[0.5, 8.5, 0.0, 0.0]:[-1.7319510390470092, -1.5998986845759577, -1.6546680287816624, -1.6344088915035169, -1.5769726251684317, -1.7090309499611234, -1.6105622051932351]
[6.0, 9.5, 0.0, 0.0]:[-1.612403849239275, -1.600008567987028, -1.6306929968752328, -1.6246341595962484, -1.6799561328693224, -1.6185412628465308, -1.564132754767376]
[2.5, 9.5, 0.0, 0.0]:[-1.8085394728066047, -1.5640749117982868, -1.5554166827171039, -1.6576492638837856, -1.586862930976229, -1.6097683445390534, -1.5638654816564688]
[5.5, 10.0, 0.0, 0.0]:[-1.5400599300086446, -1.5297002047765578, -1.633861373294934, -1.5826603007899873, -1.5410298865576038, -1.5286312975033147, -1.5778973799860787]
[6.0, 10.5, 0.0, 0.0]:[-1.5974733834646713, -1.656016320364622, -1.566553439916531, -1.5829681997002374, -1.7125735825810469, -1.5832117754237718, -1.5603356332045468]
[7.5, 11.0, 0.0, 0.0]:[-1.7057403863386402, -1.6910540855350122, -1.6292329308171603, -1.6727354393406668, -1.691954824224238, -1.6572678180073703, -1.6164869128300818]
[8.0, 9.5, 0.0, 0.0]:[-1.5914313075525595, -1.5800181647450047, -1.6025467481728115, -1.6469313593076165, -1.6260928694934043, -1.5887897524683536, -1.601563400105403]
[3.5, 10.5, 0.0, 0.0]:[-1.770126526593045, -1.7329348473772335, -1.8798112999149357, -1.712831557679154, -1.8104137145162298, -1.8144137740953412, -1.7413583856244814]
[8.0, 10.0, 0.0, 0.0]:[-1.5209647798505692, -1.5660684033081438, -1.5308907738704733, -1.5708132429626507, -1.5715028115129503, -1.53617764352497, -1.5546640739122108]
[9.0, 9.0, 0.0, 0.0]:[-1.6305372475775815, -1.5780847607344572, -1.6494737385675498, -1.64989901031672, -1.6016117918683035, -1.5490730227835856, -1.5551219053120398]
[12.0, 10.0, 0.0, 0.0]:[-1.2780377255592361, -1.2878581407886813, -1.3141239605397468, -1.0965237019706267, -1.249847074791693, -1.282758996501169, -1.3503603043590293]
[12.0, 10.5, 0.0, 0.0]:[-1.3385547626544736, -1.3121824806115499, -1.3406825533261983, -1.3532100165144179, -1.3192965064838689, -1.4026116990178674, -1.3244793274256517]
[13.0, 11.5, 0.0, 1.0]:[-0.8488003826152406, -0.4274904251098633, -0.47710977736860516, -0.4215622482821345, -0.5305464828159301, -0.5714374652343494, -0.38805624292435825]
[12.0, 11.5, 0.0, 1.0]:[-0.4023801024755812, -0.7896703297953863, -0.5185366661383389, -0.7958755205366249, -0.14094544053077696, -0.8362202683324242, -0.8278983110025657]
[11.5, 11.5, 0.0, 1.0]:[-0.7733399742039194, -0.28221167474985126, -0.41836012209457735, -0.4668709865108185, -0.6760206347445546, -0.5956916204495802, -0.40097946152091035]
[1.5, 9.0, 0.0, 0.0]:[-1.5765717427747625, -1.6395994094488313, -1.5803925595333252, -1.5995123618240368, -1.571536076198008, -1.592815619058797, -1.5978795068230642]
[0.5, 11.0, 0.0, 0.0]:[-1.4676629150840967, -1.7692849408699574, -1.6165614869905207, -1.4309643028045937, -1.79839566801224, -1.472281478080534, -1.4861421911540629]
[1.5, 10.5, 0.0, 0.0]:[-1.7264619017842802, -1.7665635939830948, -1.6723414171428232, -1.7283787230675136, -1.7694291469221946, -1.7089194088691362, -1.6998861194092032]
[2.5, 10.5, 0.0, 0.0]:[-1.815891070675658, -1.6696114500576251, -1.7278254283886432, -1.7711019823005856, -1.6923096666854658, -1.7742877892766444, -1.6977701429804428]
[2.5, 8.5, 0.0, 0.0]:[-1.6540731092831735, -1.4493028596084496, -1.3987535417466614, -1.485230304985216, -1.4231355025291648, -1.5712108608601305, -1.4688099406877413]
[0.5, 10.5, 0.0, 0.0]:[-1.5506008818067412, -1.5187751671950034, -1.5661842159362362, -1.8018300110403498, -1.786692149958701, -1.6369985872956594, -1.6868806981190203]
[2.5, 9.0, 0.0, 0.0]:[-1.565980804728894, -1.5508665754692137, -1.6439193158820244, -1.5562473132424084, -1.5000100699415877, -1.6155204704030097, -1.4842856999054983]
[7.0, 9.0, 0.0, 0.0]:[-1.5739201613009124, -1.6625677396254037, -1.6173712717704278, -1.6459247830603911, -1.6185155686744204, -1.601450400016244, -1.6234481340022322]
[9.5, 10.0, 0.0, 0.0]:[-1.4980824127321681, -1.5159226235722265, -1.5607157939586624, -1.499376271279818, -1.4832257139724603, -1.4900627519525496, -1.445613615112955]
[15.0, 10.0, 0.0, 0.0]:[-1.0662505943224267, -1.1501421221011112, -0.9673867450698983, -1.1346947517468995, -1.1058954422713088, -1.134030469355817, -1.0102737159079076]
[15.5, 9.5, 0.0, 0.0]:[-1.231551630912408, -1.276063148548951, -1.267925346528441, -1.3515720938462068, -1.2675450121923806, -1.3075226064109056, -1.2745230439950865]
[16.0, 9.0, 0.0, 0.0]:[-1.3750445915678924, -1.4030068971421836, -1.3828431988691312, -1.430709338995947, -1.3683472398076453, -1.3569460934879785, -1.440303471540605]
[16.0, 8.5, 0.0, 0.0]:[-1.4366469707111582, -1.3651991726666854, -1.3715344729931838, -1.4079026019406387, -1.385229433969243, -1.4003133579841076, -1.3912685754314245]
[15.5, 8.5, 0.0, 0.0]:[-1.2950023446798928, -1.3355975091457366, -1.3306834864209225, -1.3134986484431264, -1.3326182289697135, -1.3045405201163662, -1.2867726330596345]
[14.5, 8.5, 0.0, 0.0]:[-1.3515725333506512, -0.9833241794180518, -1.358842274942079, -1.3407568683558377, -1.2931079782788815, -1.2728870833651107, -1.3834952502005935]
[14.0, 9.0, 0.0, 0.0]:[-1.3075784085057416, -1.276026234699576, -1.3431516079768961, -1.2691493951821662, -1.2845683097566396, -1.2622486233186678, -1.224472756049891]
[13.5, 11.5, 0.0, 1.0]:[-0.8146522616778128, -0.7888230124628206, -0.7709285149288592, -0.9010761893699536, -0.48970911216561036, -0.7132183677412146, -0.9127353420020405]
[12.5, 11.5, 0.0, 1.0]:[-0.6604557427775412, -1.0607743411631572, -0.9797964120231545, -0.8195714622743078, -0.6177342774405229, -0.8477177406289937, -0.5749615094136248]
[10.5, 8.5, 0.0, 0.0]:[-1.4173250968883337, -1.446995178962243, -1.5346062973264405, -1.4344927619887005, -1.509771066677244, -1.375228736213622, -1.4484147216520116]
[12.5, 9.5, 0.0, 0.0]:[-1.2653853179648602, -1.099005876667444, -1.2316622895842317, -1.2781855678189324, -1.3120630538059197, -1.2314123918033766, -1.2485281098350778]
[13.5, 9.0, 0.0, 0.0]:[-1.3636219860265344, -1.2781761755975798, -1.2815336650566516, -1.33992802054729, -1.3330505964037336, -1.328870373609384, -1.3485056256186803]
[14.0, 11.0, 0.0, 1.0]:[-0.37438449785113337, -0.2748190307901496, -0.33944096453487876, -0.3378453208267068, -0.6988358946886412, -0.39511520772939546, -0.5212771519981264]
[12.0, 10.5, 0.0, 1.0]:[-0.4777946356604974, -0.5613365849677057, -0.2459966715425253, -0.08750000000000001, -0.22957413773983718, -0.11875, -0.7000645930819902]
[12.5, 10.0, 0.0, 1.0]:[-0.15000000000000002, -0.21856994330883028, -0.11250000000000002, -0.1, -0.7384566380311983, -0.1, -0.763921872070216]
[10.5, 9.5, 0.0, 0.0]:[-1.3620248629163765, -1.3561702503809356, -1.3740458827537263, -1.3724403567803714, -1.4266806294191856, -1.3991952120249316, -1.4558463421320482]
[6.5, 10.5, 0.0, 0.0]:[-1.5181173940416548, -1.5588827009645083, -1.6867694056641764, -1.5205401106272232, -1.513618618690097, -1.5358213692876181, -1.5180371455326178]
[4.5, 11.0, 0.0, 0.0]:[-1.5474664513017857, -1.713181375504397, -1.702734386345255, -1.5979943754489332, -1.5852009431498553, -1.5998975409944944, -1.5426683704178443]
[2.5, 11.0, 0.0, 0.0]:[-1.7649930740544393, -1.6335301526710442, -1.6300070544996403, -1.7442941716219535, -1.6733767962715063, -1.6439774342470383, -1.7525730348173392]
[4.5, 10.0, 0.0, 0.0]:[-1.5286131883563452, -1.3786901349331635, -1.3975390446404117, -1.4447388707729596, -1.4745780346342832, -1.470141826921267, -1.3220903133198298]
[4.5, 9.5, 0.0, 0.0]:[-1.2961485713390792, -1.344379342177961, -1.4064169033310252, -1.4232648578644524, -1.4948185006741874, -1.409131897037762, -1.3581607172673964]
[4.5, 8.5, 0.0, 0.0]:[-1.3169203839983812, -1.3363525390625002, -1.363048827837086, -1.5315513012407331, -1.3356852289814642, -1.4802098426409311, -1.502093443003354]
[3.5, 11.5, 0.0, 1.0]:[-0.3535331351428578, -0.05, -0.05, 0.0, -0.05, 0.0, -0.4859309541970446]
[3.0, 8.5, 0.0, 0.0]:[-1.7847646956629308, -1.6996617962872884, -1.7103748815109867, -1.6547266514918455, -1.7240311646833644, -1.7200195918006354, -1.7129861213145552]
[5.0, 9.5, 0.0, 1.0]:[0.0, -0.05, 0.0, 0.0, 0.0, 0.0, 0.0]
[5.0, 10.5, 0.0, 1.0]:[0.0, 0.0, 0.0, 0.0, -0.05, 0.0, 0.0]
[5.0, 11.0, 0.0, 1.0]:[0.0, 0.0, 0.0, 0.0, 0.0, -0.05, 0.0]
[5.0, 11.5, 0.0, 1.0]:[-0.05, -0.05, -0.2515602111816406, -0.05, 0.0, 0.0, 0.0]
[5.5, 11.5, 0.0, 1.0]:[-0.05, 0.0, 0.0, -0.6423807558809177, 0.0, 0.0, 0.0]
[6.0, 11.5, 0.0, 1.0]:[-0.05, 0.0, 0.0, 0.0, -0.1, 0.0, 0.0]
[6.5, 11.5, 0.0, 0.0]:[-1.6535252534259746, -1.6865004116543263, -1.6458860390999241, -1.6530094004099705, -1.6476563102279376, -1.6422127141527194, -1.6329834010982291]
[8.0, 11.0, 0.0, 1.0]:[-0.1, 0.0, 0.0, 0.0, 0.0, 0.0, 0.0]
[9.0, 11.5, 0.0, 1.0]:[-0.05, 0.0, 0.0, -0.17500000000000002, -0.05, 0.0, 0.0]
[10.5, 10.5, 0.0, 0.0]:[-1.6000572427437567, -1.503229727892926, -1.4595504768880594, -1.4830470474467483, -1.5428572173016617, -1.5781133716922282, -1.547262576259294]
[11.0, 11.0, 0.0, 1.0]:[-0.08750000000000001, -0.11875000000000001, -0.05, 0.0, -0.05, 0.0, -0.05]
[8.5, 9.5, 0.0, 0.0]:[-1.4498005802542737, -1.4562170052824852, -1.5521298701806092, -1.487152858701434, -1.5418382856450301, -1.5507070320128125, -1.428706113008964]
[7.0, 9.0, 0.0, 1.0]:[-0.05, 0.0, 0.0, 0.0, -0.4802521944046021, 0.0, 0.0]
[6.5, 8.5, 0.0, 1.0]:[0.0, 0.0, 0.0, -0.05, 0.0, 0.0, 0.0]
[7.0, 8.5, 0.0, 1.0]:[0.0, 0.0, 0.0, -0.05, 0.0, 0.0, 0.0]
[8.5, 8.5, 0.0, 1.0]:[0.0, 0.0, 0.0, 0.0, 0.0, -0.05, 0.0]
[9.0, 9.0, 0.0, 1.0]:[-0.05, 0.0, 0.0, 0.0, 0.0, -0.05, 0.0]
[10.0, 9.5, 0.0, 1.0]:[-0.47473020553588874, -0.9289495351503343, -0.5183570861816407, -0.8651405896132425, -0.4767153203021735, -0.9893466526736976, -0.6107882460576548]
[10.5, 10.5, 0.0, 1.0]:[-0.08750000000000001, -0.1, -0.125, -0.07500000000000001, -0.18125, -0.5838140442595031, -0.07500000000000001]
[10.5, 11.0, 0.0, 0.0]:[-1.3454346718733017, -1.5238027346790863, -1.4228524976383885, -1.4657338710055068, -1.3091755624725017, -1.5015549522076674, -1.2528183024069115]
[10.5, 9.0, 0.0, 0.0]:[-1.427462663545576, -1.48095666617212, -1.5243816470270404, -1.4476183304351036, -1.4271859526869786, -1.3639540102675234, -1.4515835057507185]
[8.5, 10.5, 0.0, 0.0]:[-1.5393046037826323, -1.4657685959772113, -1.448700808194979, -1.4722977219023878, -1.5150334904099183, -1.5081019156205997, -1.5018925046086005]
[8.5, 10.0, 0.0, 0.0]:[-1.3395054352468483, -1.459549610345913, -1.3259822797682477, -1.4519337973685005, -1.470344914444095, -1.4716395302297989, -1.388491722820381]
[11.0, 8.5, 0.0, 0.0]:[-1.3952595666754237, -1.4447738103568555, -1.4525716390540966, -1.3670078225699105, -1.40232259513393, -1.3720367822703077, -1.4028281807613778]
[11.5, 8.5, 0.0, 0.0]:[-1.3185773125684106, -1.336036534899392, -1.4394739609192444, -1.3305047520267461, -1.3021318546221416, -1.336427438293371, -1.4298044161908425]
[13.5, 9.5, 0.0, 0.0]:[-1.2895427958142127, -1.2643179195597187, -1.2364990394062878, -1.2335044797355357, -1.2123383678200703, -1.313593875121359, -1.0981048186022402]
[11.0, 11.0, 0.0, 0.0]:[-1.5008231089261943, -1.3560647787820206, -1.3511020638479327, -1.3577764838559805, -1.3536705178385613, -1.471410690170259, -1.3694038599954568]
[11.0, 9.0, 0.0, 0.0]:[-1.2956623908974811, -1.3364459477462725, -1.4156659789480819, -1.3245675389942857, -1.3818711383267077, -1.3120264098473233, -1.4237150504731022]
[13.0, 10.0, 0.0, 0.0]:[-1.2011617375144388, -1.2600015563272464, -1.242446848698587, -1.2759333095878804, -1.240583711677177, -1.2408836931256888, -1.2667981672102515]
[15.0, 9.5, 0.0, 0.0]:[-1.1880724447635136, -1.0437507437078921, -1.228480115868484, -1.1565342885227983, -1.2470456586559089, -1.1624272664470814, -1.2580915919275961]
[15.5, 8.5, 0.0, 1.0]:[-0.8396065939074652, -0.8198747800251097, -0.5907588243484497, -0.7314183172210164, -0.6969982903058056, -0.6297260637270103, -0.6616897583415265]
[16.0, 9.5, 0.0, 0.0]:[-1.2929255991916144, -1.3310371635372262, -1.3082812810435054, -1.3704616037145887, -1.3344695364689851, -1.3531677653726013, -1.3489011047665234]
[15.0, 11.0, 0.0, 0.0]:[-1.075810635595043, -1.033072242552528, -1.0906249786216307, -1.035565525094162, -1.2476015785320462, -1.2769015255289848, -1.0201159801707202]
[11.0, 9.5, 0.0, 1.0]:[-0.1875, -0.765434553691406, -0.07500000000000001, -0.09375, -0.05, -0.1, -0.07500000000000001]
[7.0, 8.5, 0.0, 0.0]:[-1.689855817440527, -1.7142556533981304, -1.6866617683379537, -1.6492008948121983, -1.6917953315196002, -1.6655233195515236, -1.715603123395471]
[12.5, 11.0, 0.0, 0.0]:[-1.3062270923729913, -1.2816881402706657, -1.1526972004898681, -1.2328831320680047, -1.0709412261269686, -1.2135423147132836, -1.0959848307955515]
[8.5, 11.0, 0.0, 0.0]:[-1.5697460482790542, -1.4461551689478873, -1.5455932149214684, -1.4128169385783873, -1.6042115210503902, -1.4483161170799677, -1.468372389290996]
[14.5, 11.0, 0.0, 0.0]:[-1.1562478200784616, -1.2363089026234992, -1.1794448539755025, -1.232059877090993, -1.1991828657246666, -1.2209969302047694, -1.1481453083965087]
[6.5, 11.0, 0.0, 0.0]:[-1.5054048986172477, -1.5927855742471966, -1.4538618113132, -1.6005224056054796, -1.5232080017878848, -1.626140710643666, -1.6636336082663687]
[6.5, 10.0, 0.0, 0.0]:[-1.5374469240523747, -1.4220140092522167, -1.464595898131356, -1.4515679209421413, -1.5513115460708802, -1.525303881249281, -1.5172284527798943]
[16.0, 10.0, 0.0, 0.0]:[-1.3039126442891114, -1.2742875290195714, -1.2645370974013947, -1.350661869139719, -1.3813162848618115, -1.3114399558636296, -1.2850239098583929]
[16.0, 9.5, 0.0, 1.0]:[-0.9158975159004912, -0.5682621979855186, -0.5752075178665109, -0.5395036584000021, -0.9225749062417451, -0.616680731667213, -0.5255682262544724]
[15.5, 9.5, 0.0, 1.0]:[-0.5727384090423583, -0.771316910801683, -0.4394863262306899, -0.49640426635742185, -0.47183657866049666, -0.3532340194757576, -0.41317128007212883]
[14.5, 9.0, 0.0, 0.0]:[-1.2695906917099697, -1.3347804610315013, -1.329710313292345, -1.2622042903853954, -1.2470007967540404, -1.2644598012833703, -1.2638749375660945]
[6.0, 8.5, 0.0, 0.0]:[-1.7160196925868325, -1.6770415464904889, -1.6386444332433938, -1.665053681595973, -1.6337568685234052, -1.6280829604146085, -1.6164919814669934]
[11.0, 10.5, 0.0, 1.0]:[-0.05, -0.07500000000000001, -0.1, -0.05, -0.7355797956130837, -0.6826610698043064, -0.1]
[12.0, 10.0, 0.0, 1.0]:[-0.515924496203661, -0.125, -0.15000000000000002, -0.27019251294748314, -0.3924393774869685, -0.1, -0.531274231025452]
[6.5, 8.5, 0.0, 0.0]:[-1.5650119002391127, -1.5067382812500005, -1.648625307026744, -1.5444784266378426, -1.5402256852759586, -1.555440832889809, -1.5595257142973904]
[16.0, 11.0, 0.0, 0.0]:[-1.1082141338541847, -1.1920217280397378, -1.1163813751526015, -1.3393085227190566, -1.2448391946018722, -1.1898178435531817, -1.2634193993434666]
[13.0, 10.5, 0.0, 0.0]:[-1.2720704957937137, -1.2488756668912462, -1.336951850750377, -1.2632551360053372, -1.2924715811120893, -1.3227872501574423, -1.2717730609309328]
[12.5, 10.5, 0.0, 1.0]:[-0.8264582005373179, -0.8285597721061729, -0.42121777672190286, -0.6646338959498078, -0.8184918080188279, -0.5815494590557174, -0.41363376294930276]
[13.0, 11.0, 0.0, 0.0]:[-1.1101843802996525, -1.13668192095634, -1.2238735304773005, -1.2762213432790186, -1.1848360827101359, -1.2227832328302304, -1.0992828736822053]
[15.0, 10.5, 0.0, 0.0]:[-1.0913978911601618, -1.0884201917417444, -1.0967216200443914, -1.1993390265976989, -1.1256293642580104, -1.204865399209813, -1.2857278306214048]
[13.0, 11.0, 0.0, 1.0]:[-0.05, -0.13984375, -0.08750000000000001, -0.11117858886718751, -0.40049985266191, -0.21502068936824803, -0.1375]
[11.5, 10.5, 0.0, 1.0]:[-0.1, -0.05, -0.07500000000000001, -0.05, -0.14833984375000003, -0.5107736709731622, -0.05]
[11.0, 10.0, 0.0, 1.0]:[-0.125, -0.5577886576579285, -0.125, -0.49003752352772945, -0.222314453125, -0.125, -0.11250000000000002]
[13.0, 8.5, 0.0, 0.0]:[-1.277644503326684, -1.2701600165118574, -1.2844317648160855, -1.3371212515611675, -1.2410886740645037, -1.3343340755146467, -1.2727904914084438]
[14.5, 10.5, 0.0, 1.0]:[-0.5871755262805236, -0.310908351791295, -0.8454554581063772, -0.8591751062917209, -0.6162386743133341, -0.82530242888715, -0.5543076232639281]
[15.5, 10.0, 0.0, 1.0]:[-0.41899691121652727, -0.33759681244450757, -0.4215337536962579, -0.221484375, -0.3048713684082031, -0.44002222009003167, -0.5514771928343416]
[3.0, 11.0, 0.0, 1.0]:[-0.2046996831893921, 0.0, 0.0, -0.05, 0.0, -0.07500000000000001, -0.05]
[13.0, 10.5, 0.0, 1.0]:[-0.7942098587913715, -0.1, -0.1, -0.23023995142139028, -0.26444393843412395, -0.27628176212310795, -0.26772798534948383]
[13.5, 10.0, 0.0, 1.0]:[-0.48309292025127204, -0.4704547467408702, -0.18984375000000003, -0.236474609375, -0.2114162087440491, -0.3001946936710738, -0.2955939650535584]
[14.5, 8.5, 0.0, 1.0]:[-0.6708124160766602, -0.9026322322073145, -0.8139002092278589, -0.9261989271482303, -1.0291960467834016, -1.1483024218581888, -0.8403577993631282]
[9.5, 11.5, 0.0, 1.0]:[-0.1125, 0.0, -0.05, 0.0, 0.0, 0.0, 0.0]
[8.5, 11.5, 0.0, 1.0]:[-0.05, 0.0, 0.0, 0.0, 0.0, 0.0, 0.0]
[8.0, 11.5, 0.0, 1.0]:[-0.7064408537480642, 0.0, 0.0, 0.0, 0.0, -0.05, 0.0]
[7.5, 11.5, 0.0, 1.0]:[-0.05, 0.0, 0.0, 0.0, 0.0, -0.05, 0.0]
[6.5, 11.5, 0.0, 1.0]:[0.0, -0.1, 0.0, 0.0, 0.0, 0.0, 0.0]
[15.5, 10.0, 0.0, 0.0]:[-1.214130425916694, -1.2486594374895517, -1.2101294332683756, -1.2336297498360127, -1.177397158317731, -1.1778011593316058, -1.167755550469729]
[11.0, 11.5, 0.0, 1.0]:[-0.5478768925074832, -0.3576882518827915, -0.3541739563965848, -0.3652877884013833, -0.6726736916653244, -0.33106979019988536, -0.8678971482362569]
[13.5, 10.5, 0.0, 1.0]:[-0.305755615234375, -0.5256136966643276, -0.05, -0.12031250000000002, -0.5213186878814129, -0.07500000000000001, -0.05]
[13.0, 10.0, 0.0, 1.0]:[-0.05, -0.05, -0.1, -0.1474609375, -0.19912109375, -0.05, -0.5266526404011522]
[14.5, 10.0, 0.0, 1.0]:[-0.7001789080325355, -0.4405396623711982, -0.6320469840453637, -0.6433089597817253, -0.3044446033058079, -0.7955975455200974, -0.5630828101083086]
[15.0, 10.0, 0.0, 1.0]:[-0.45067253639336446, -0.2372928250344501, -0.27671166802756486, -0.24083457327215, -0.19765625, -0.2, -0.234893798828125]
[15.0, 10.5, 0.0, 1.0]:[-0.29475135803222663, -0.4810058836666498, -0.5353547940359609, -0.7642699216506887, -0.2588463485240936, -0.3140990706892588, -0.39686419315510396]
[15.0, 11.0, 0.0, 1.0]:[-0.16966657638549806, -0.28418496545141503, -0.2793631369713694, -0.2556217193603516, -0.175, -0.193115234375, -0.2634802890542584]
[13.0, 9.5, 0.0, 1.0]:[-0.268359375, -0.21796875, -0.15039062500000003, -0.18125, -0.289794921875, -0.591228085602871, -0.128125]
[14.5, 9.0, 0.0, 1.0]:[-0.8585433575856287, -0.5134246758998415, -0.9472234218230684, -0.556667125225067, -0.777095892954507, -0.8095075758845361, -0.8580552685922253]
[10.5, 10.0, 0.0, 1.0]:[-0.3609939098358154, -0.05, -0.05, -0.05, -0.05, -0.05, 0.0]
[15.5, 9.0, 0.0, 1.0]:[-0.7313716784954551, -0.7572000804436385, -0.500633430480957, -0.679813461791238, -0.6701681760417386, -0.6110187791896265, -0.7287775256880439]
[12.5, 9.0, 0.0, 1.0]:[-0.35299682617187506, -0.5438143193438918, -0.41434387564659125, -0.49677615165710454, -0.3890625, -0.2421875, -0.8210995828044255]
[13.5, 8.5, 0.0, 1.0]:[-0.25169334411621097, -0.785764614231951, -0.6916682487293142, -0.8257635031109182, -0.6108154296875, -0.6243931167759001, -0.37785644531250007]
[14.0, 8.5, 0.0, 1.0]:[-0.5809097617529446, -0.9685650128346907, -0.7091554708778858, -0.6685008007963843, -0.42044677734375, -0.8249311176619076, -0.767578980363071]
[0.0, 9.5, 0.0, 1.0]:[-0.05, -0.05, 0.0, 0.0, 0.0, -0.17734375000000002, 0.0]
[0.0, 9.0, 0.0, 1.0]:[-0.05, -0.07500000000000001, -0.05, -0.3827685356140137, -0.3012990828603506, -0.2392578125, -0.8653134644135955]
[14.0, 9.5, 0.0, 1.0]:[-0.3314453125, -0.5121639385353774, -0.3793898998745135, -0.7479357550573236, -0.3071044921875, -0.26484375, -0.37253938913345336]
[14.5, 11.0, 0.0, 1.0]:[-0.32036724090576174, -0.3949936016113498, -0.35300374989619177, -0.45155029296875, -0.4514625012045413, -0.7247860464289936, -0.26254046969115735]
[15.0, 8.5, 0.0, 1.0]:[-0.5684298190753907, -0.8123518650843776, -0.611781658151922, -0.9892287672415458, -0.5694521427154542, -0.7268130481243134, -0.6700103992458906]
[11.0, 8.5, 0.0, 1.0]:[-0.07500000000000001, -0.42377929687500004, -0.6457008963668159, -0.6212251339898653, -0.673418360656051, -0.05, -0.779563641918455]
[10.5, 8.5, 0.0, 1.0]:[-0.05, -0.05, -0.6943118095072179, -0.48071498870849616, -0.05, -0.550317722465843, 0.0]
[16.0, 11.0, 0.0, 1.0]:[-0.5380923147458733, -0.6605461710602094, -0.3357556005072154, -0.4954723280302171, -0.5467097963819638, -0.3285625533566763, -0.3622316922486135]
[13.5, 11.0, 0.0, 1.0]:[-0.2786267757415771, -0.1203125, -0.20505636108555333, -0.05, -0.12524561882019042, -0.05, -0.5896327244966862]
[10.5, 9.5, 0.0, 1.0]:[-0.6569026092314203, -0.1, -0.29528045654296875, -0.45169677734375, -0.1, -0.07500000000000001, -0.5842175289727535]
[10.0, 9.0, 0.0, 1.0]:[-0.2, -0.7367589678989708, -0.5504375457763672, -0.7377727328071347, -0.5938680329343696, -0.6694011196516616, -0.15000000000000002]
[5.0, 8.5, 0.0, 1.0]:[-0.05, 0.0, 0.0, 0.0, 0.0, -0.05, -0.24312744140625003]
[4.0, 9.0, 0.0, 1.0]:[-0.4801163830990498, -0.05, 0.0, 0.0, 0.0, -0.6108471041487487, 0.0]
[4.0, 9.5, 0.0, 1.0]:[-0.388076469872611, -0.05, 0.0, 0.0, 0.0, 0.0, -0.05]
[4.0, 10.5, 0.0, 1.0]:[0.0, 0.0, 0.0, 0.0, 0.0, -0.07500000000000001, -0.1]
[4.0, 11.0, 0.0, 1.0]:[0.0, 0.0, 0.0, -0.05, 0.0, 0.0, 0.0]
[0.0, 10.0, 0.0, 1.0]:[0.0, 0.0, 0.0, 0.0, 0.0, 0.0, -0.05]
[0.0, 10.5, 0.0, 1.0]:[0.0, 0.0, -0.05, 0.0, 0.0, 0.0, 0.0]
[0.0, 11.5, 0.0, 1.0]:[0.0, 0.0, -0.40762848771698823, 0.0, 0.0, 0.0, 0.0]
[0.0, 8.5, 0.0, 1.0]:[-0.41760172694921494, -0.05, -0.05, -0.27167968750000004, -0.05, -0.05, -0.8494989573574624]
[0.5, 11.5, 0.0, 1.0]:[-0.05, -0.2581183791102376, 0.0, 0.0, 0.0, -0.05, 0.0]
[9.0, 10.0, 0.0, 1.0]:[0.0, 0.0, 0.0, 0.0, 0.0, -0.1, 0.0]
[8.5, 10.0, 0.0, 1.0]:[0.0, 0.0, 0.0, -0.05, 0.0, 0.0, 0.0]
[9.0, 10.5, 0.0, 1.0]:[-0.6067754583733319, -0.05, 0.0, 0.0, 0.0, 0.0, -0.23915863037109378]
[9.0, 9.5, 0.0, 1.0]:[-0.05, 0.0, 0.0, -0.05, 0.0, 0.0, 0.0]
[10.0, 8.5, 0.0, 1.0]:[-0.44453125000000004, -0.5743820190429687, -0.2875000000000001, -0.05, 0.0, 0.0, -0.6186279296875]
[9.5, 8.5, 0.0, 1.0]:[0.0, 0.0, -0.05, 0.0, 0.0, 0.0, 0.0]
[9.0, 8.5, 0.0, 1.0]:[0.0, 0.0, -0.05, -0.05, 0.0, 0.0, 0.0]
[7.5, 8.5, 0.0, 1.0]:[-0.05, 0.0, -0.19687500000000002, 0.0, 0.0, 0.0, 0.0]
[6.0, 9.0, 0.0, 1.0]:[-0.05, 0.0, 0.0, -0.05, 0.0, 0.0, 0.0]
[7.0, 9.5, 0.0, 1.0]:[-0.05, 0.0, -0.05, 0.0, 0.0, 0.0, 0.0]
[11.5, 9.5, 0.0, 1.0]:[-0.32265625000000003, -0.1625, -0.215625, -0.48092126846313477, -0.5432128227037278, -0.1, -0.6004989046163475]
[11.5, 10.0, 0.0, 1.0]:[-0.05, -0.15000000000000002, -0.05, -0.48165254561989845, -0.05, -0.05, -0.6978208996616176]
[10.5, 11.0, 0.0, 1.0]:[-0.9545692928899223, -0.05, -0.37765599692587204, -0.2, -0.05, -0.3875081790380656, -0.05]
[1.0, 11.0, 0.0, 1.0]:[0.0, -0.05, 0.0, 0.0, 0.0, 0.0, 0.0]
[1.0, 10.0, 0.0, 1.0]:[-0.6265146084398447, 0.0, 0.0, -0.3375, 0.0, 0.0, 0.0]
[1.5, 9.5, 0.0, 1.0]:[0.0, 0.0, 0.0, -0.20625000000000002, -0.259375, 0.0, 0.0]
[11.5, 11.0, 0.0, 1.0]:[-0.6453677455547244, -0.13125, -0.7036976926886372, 0.0, -0.05, 0.0, 0.0]
[4.5, 11.5, 0.0, 1.0]:[0.0, 0.0, 0.0, 0.0, -0.05, 0.0, 0.0]
[10.5, 9.0, 0.0, 1.0]:[-0.441986083984375, -0.05, -0.05, -0.05, -0.1375, -0.7411008408225609, -0.05]
[15.5, 10.5, 0.0, 1.0]:[-0.5417101500525257, -0.6164976987310417, -0.8320105109523583, -0.3366106251254678, -0.43240498266968647, -0.666944622334242, -0.550178851426302]
[14.5, 9.5, 0.0, 1.0]:[-0.6128867424516851, -0.349798577267029, -0.45318683376535773, -0.5870617711645536, -0.31103791277560044, -0.3527716670068912, -0.3528885061128335]
[13.0, 8.5, 0.0, 1.0]:[-0.18125, -0.15000000000000002, -0.2244140625, -0.2925751686096192, -0.171875, -0.21035156250000003, -0.37618885040283206]
[12.5, 11.0, 0.0, 1.0]:[-0.21875000000000003, -0.20098247528076174, -0.5124026158228315, -0.168353271484375, -0.25376588106155396, -0.16778564453125, -0.199920654296875]
[15.5, 11.0, 0.0, 1.0]:[-0.21348061968596999, 0.0, -0.2562255859375, 0.0, 0.0, -0.22221984863281252, 0.0]
[9.5, 9.0, 0.0, 1.0]:[-0.05, -0.5692821502685548, 0.0, -0.05, 0.0, 0.0, 0.0]
[13.0, 9.0, 0.0, 1.0]:[-0.518816284088982, -0.6537205219268799, -0.29609375, -0.3695323944091797, -0.7320885746975796, -0.262408447265625, -0.7558480640577503]
[3.0, 8.5, 0.0, 1.0]:[-0.49458515149198323, 0.0, 0.0, 0.0, 0.0, 0.0, 0.0]
[0.5, 8.5, 0.0, 1.0]:[0.0, 0.0, 0.0, 0.0, -0.05, 0.0, -0.05]
[1.0, 9.0, 0.0, 1.0]:[-0.05, 0.0, 0.0, 0.0, 0.0, 0.0, 0.0]
[2.0, 9.0, 0.0, 1.0]:[-1.0425582200205594, 0.0, 0.0, 0.0, -0.265625, -0.319921875, 0.0]
[1.0, 10.5, 0.0, 1.0]:[0.0, 0.0, 0.0, -0.1, 0.0, 0.0, 0.0]
[1.0, 8.5, 0.0, 1.0]:[-0.05, 0.0, 0.0, 0.0, 0.0, 0.0, 0.0]
[17.0, 10.0, 0.0, 0.0]:[-0.1, -0.1, -0.3149571425021316, 0.0, 0.0, 0.0, 0.0]
[18.0, 10.0, 0.0, 0.0]:[-0.1, -0.1, -0.1, -0.1, 0.0, -0.1, 0.0]
[18.5, 11.0, 0.0, 0.0]:[0.0, 0.0, 0.0, 0.0, 0.0, 0.0, -0.1]
[19.0, 11.5, 0.0, 0.0]:[-0.1, -0.1, -0.1, -0.1, 0.0, 0.0, 0.0]
[18.5, 11.5, 0.0, 0.0]:[-0.1, 0.0, 0.0, 0.0, 0.0, 0.0, 0.0]
[18.0, 11.5, 0.0, 0.0]:[-0.1, 0.0, 0.0, 0.0, -0.1, 0.0, 0.0]
[18.0, 10.5, 0.0, 0.0]:[0.0, -0.1, 0.0, 0.0, 0.0, 0.0, 0.0]
[18.5, 10.0, 0.0, 0.0]:[-0.1, 0.0, 0.0, 0.0, 0.0, -0.1, 0.0]
[19.0, 10.0, 0.0, 0.0]:[0.0, 0.0, 0.0, 0.0, 0.0, 0.0, -0.1]
[20.0, 11.0, 0.0, 0.0]:[0.0, -0.1, 0.0, 0.0, 0.0, 0.0, 0.0]
[20.0, 11.5, 0.0, 0.0]:[-0.1, 0.0, -0.1, -0.15000000000000002, 0.0, 0.0, 0.0]
[20.5, 11.5, 0.0, 0.0]:[-0.1, 0.0, -0.1, 0.0, 0.0, 0.0, -0.1]
[21.0, 12.0, 0.0, 0.0]:[-0.1, 0.0, 0.0, -0.1, 0.0, 0.0, 0.0]
[22.0, 12.5, 0.0, 0.0]:[0.0, 0.0, 0.0, 0.0, 0.0, 0.0, -0.1]
[22.5, 13.5, 0.0, 0.0]:[0.0, -0.15000000000000002, -0.1, -0.1, 0.0, -0.1, 0.0]
[23.0, 13.5, 0.0, 0.0]:[-0.1, -0.1, -0.1, 0.0, 0.0, 0.0, 0.0]
[21.5, 14.0, 0.0, 0.0]:[0.0, -0.1, 0.0, 0.0, 0.0, 0.0, 0.0]
[21.5, 15.0, 0.0, 0.0]:[0.0, -0.1, 0.0, 0.0, 0.0, 0.0, 0.0]
[21.5, 15.5, 0.0, 0.0]:[0.0, 0.0, -0.1, 0.0, 0.0, 0.0, 0.0]
[21.0, 16.5, 0.0, 0.0]:[-0.17500000000000002, 0.0, -0.1, -0.1, 0.0, 0.0, -0.1]
[21.0, 17.0, 0.0, 0.0]:[-0.1, 0.0, 0.0, 0.0, 0.0, 0.0, 0.0]
[20.5, 18.0, 0.0, 0.0]:[-0.1, 0.0, 0.0, 0.0, 0.0, 0.0, 0.0]
[20.0, 18.5, 0.0, 0.0]:[0.0, 0.0, 0.0, 0.0, -0.1, 0.0, 0.0]
[19.0, 19.5, 0.0, 0.0]:[-0.1, 0.0, 0.0, -0.1, 0.0, 0.0, 0.0]
[20.0, 19.5, 0.0, 0.0]:[0.0, 0.0, 0.0, 0.0, -0.1, 0.0, 0.0]
[20.5, 18.5, 0.0, 0.0]:[-0.1, 0.0, 0.0, 0.0, 0.0, 0.0, 0.0]
[21.0, 18.0, 0.0, 0.0]:[-0.1, 0.0, 0.0, 0.0, 0.0, 0.0, 0.0]
[22.0, 17.5, 0.0, 0.0]:[-0.1, 0.0, 0.0, 0.0, 0.0, 0.0, 0.0]
[22.5, 17.0, 0.0, 0.0]:[0.0, 0.0, -0.1, 0.0, 0.0, 0.0, 0.0]
[22.0, 17.0, 0.0, 0.0]:[-0.1, -0.1, -0.1, -0.1, 0.0, 0.0, 0.0]
[21.5, 16.5, 0.0, 0.0]:[-0.1, 0.0, 0.0, 0.0, 0.0, 0.0, 0.0]
[21.5, 17.5, 0.0, 0.0]:[0.0, -0.1, 0.0, 0.0, 0.0, 0.0, 0.0]
[21.5, 18.0, 0.0, 0.0]:[-0.15000000000000002, 0.0, 0.0, 0.0, 0.0, 0.0, 0.0]
[21.5, 18.5, 0.0, 0.0]:[0.0, -0.1, 0.0, 0.0, 0.0, 0.0, 0.0]
[21.5, 19.5, 0.0, 0.0]:[-0.1, 0.0, 0.0, 0.0, 0.0, 0.0, 0.0]
[21.5, 20.0, 0.0, 0.0]:[0.0, 0.0, 0.0, 0.0, 0.0, 0.0, -2500.0]
[21.5, 20.5, 0.0, 0.0]:[0.0, 0.0, 0.0, 0.0, 0.0, 0.0, 0.0]
[16.5, 9.5, 0.0, 0.0]:[-0.1, -0.05, -0.3828902159444173, -0.1, -0.7257934716063917, -0.3526194054633379, -0.44431501399958506]
[10.0, 11.0, 0.0, 1.0]:[-0.39360337444086335, -1.0840231265884719, -0.3595141208091036, -0.6805226794420293, -0.8835751638806625, 0.0, -0.7809667896420122]
[2.0, 8.5, 0.0, 1.0]:[0.0, 0.0, 0.0, -0.384375, 0.0, 0.0, 0.0]
[9.5, 11.0, 0.0, 1.0]:[0.0, 0.0, 0.0, -0.05, 0.0, 0.0, 0.0]
[8.0, 10.0, 0.0, 1.0]:[-0.05, 0.0, 0.0, 0.0, 0.0, 0.0, 0.0]
[7.5, 9.5, 0.0, 1.0]:[-0.05, 0.0, 0.0, 0.0, 0.0, 0.0, 0.0]
[16.5, 9.5, 0.0, 1.0]:[0.0, 0.0, 0.0, -0.05, 0.0, 0.0, -0.1]
[3.5, 9.0, 0.0, 1.0]:[-0.7453118475695787, 0.0, 0.0, 0.0, 0.0, 0.0, 0.0]
[12.0, 11.0, 0.0, 1.0]:[-0.05, -0.506278814545999, 0.0, 0.0, 0.0, -0.174609375, 0.0]
[7.0, 11.0, 0.0, 1.0]:[-0.05, 0.0, 0.0, 0.0, 0.0, 0.0, 0.0]
[1.5, 11.0, 0.0, 1.0]:[-0.05, 0.0, 0.0, 0.0, 0.0, 0.0, 0.0]
[17.0, 10.0, 0.0, 1.0]:[-0.1, 0.0, 0.0, 0.0, 0.0, 0.0, 0.0]
[19.0, 11.0, 0.0, 0.0]:[-0.1, 0.0, 0.0, 0.0, 0.0, 0.0, 0.0]
[22.0, 13.0, 0.0, 0.0]:[0.0, -0.1, 0.0, 0.0, 0.0, 0.0, 0.0]
[22.0, 13.5, 0.0, 0.0]:[-0.1, 0.0, 0.0, 0.0, 0.0, 0.0, 0.0]
[22.0, 14.5, 0.0, 0.0]:[-0.1, 0.0, 0.0, 0.0, 0.0, 0.0, 0.0]
[22.0, 15.0, 0.0, 0.0]:[-0.1, 0.0, 0.0, 0.0, 0.0, 0.0, 0.0]
[22.0, 16.0, 0.0, 0.0]:[-0.1, 0.0, 0.0, 0.0, 0.0, 0.0, 0.0]
[22.5, 17.5, 0.0, 0.0]:[-0.1, -0.1, -0.1, 0.0, 0.0, 0.0, 0.0]
[23.0, 17.5, 0.0, 0.0]:[-0.1, -0.1, -0.1, 0.0, -0.1, 0.0, 0.0]
[23.0, 16.5, 0.0, 0.0]:[-0.1, -0.1, 0.0, 0.0, 0.0, 0.0, 0.0]
[23.0, 16.0, 0.0, 0.0]:[0.0, 0.0, 0.0, 0.0, 0.0, -0.1, 0.0]
[23.0, 17.0, 0.0, 0.0]:[-0.1, 0.0, 0.0, 0.0, 0.0, 0.0, 0.0]
[21.0, 19.0, 0.0, 0.0]:[-0.1, 0.0, 0.0, 0.0, 0.0, 0.0, 0.0]
[20.5, 19.5, 0.0, 0.0]:[-0.1, -0.1, -0.1, 0.0, 0.0, 0.0, 0.0]
[19.5, 19.5, 0.0, 0.0]:[-0.1, -0.1, -0.1, -0.1, 0.0, 0.0, 0.0]
[18.5, 19.5, 0.0, 0.0]:[0.0, 0.0, -0.1, 0.0, 0.0, 0.0, 0.0]
[17.5, 19.5, 0.0, 0.0]:[-0.1, 0.0, 0.0, 0.0, 0.0, 0.0, 0.0]
[17.0, 19.5, 0.0, 0.0]:[-0.1, 0.0, 0.0, 0.0, 0.0, 0.0, 0.0]
[16.5, 19.5, 0.0, 0.0]:[-0.1, -0.1, -0.1, 0.0, 0.0, 0.0, -0.1]
[15.5, 19.5, 0.0, 0.0]:[-0.1, 0.0, 0.0, 0.0, 0.0, 0.0, 0.0]
[15.0, 19.5, 0.0, 0.0]:[-0.1, 0.0, 0.0, 0.0, 0.0, 0.0, 0.0]
[14.5, 19.5, 0.0, 0.0]:[0.0, 0.0, 0.0, 0.0, 0.0, -0.1, 0.0]
[13.5, 19.5, 0.0, 0.0]:[-0.1, 0.0, 0.0, 0.0, 0.0, 0.0, 0.0]
[13.0, 20.0, 0.0, 0.0]:[-2500.0, 0.0, 0.0, 0.0, 0.0, 0.0, 0.0]
[12.5, 20.5, 0.0, 0.0]:[0.0, 0.0, 0.0, 0.0, 0.0, 0.0, 0.0]
[9.0, 11.0, 0.0, 1.0]:[0.0, 0.0, 0.0, -0.05, 0.0, 0.0, 0.0]
[1.5, 11.5, 0.0, 1.0]:[-0.8247273700355452, -0.05, -0.5870490929953995, 0.0, 0.0, 0.0, 0.0]
[8.5, 9.0, 0.0, 1.0]:[-0.05, 0.0, 0.0, 0.0, 0.0, 0.0, 0.0]
[2.0, 10.0, 0.0, 1.0]:[-0.9575388268742345, 0.0, 0.0, 0.0, 0.0, 0.0, 0.0]
[5.0, 10.0, 0.0, 1.0]:[-0.05, 0.0, 0.0, 0.0, 0.0, 0.0, 0.0]
[5.5, 11.0, 0.0, 1.0]:[-0.8891994996829024, 0.0, 0.0, 0.0, 0.0, 0.0, 0.0]
[9.5, 10.5, 0.0, 1.0]:[-0.8184883646680953, 0.0, 0.0, 0.0, 0.0, 0.0, 0.0]
