[3.0, 11.5, 0.0, 0.0]:[-2.2853042084721107, -2.2786851741457643, -2.286960763388956, -2.229892567177925, -2.148603646394234, -2.222647778192419, -2.3018779090302806]
[2.5, 11.5, 0.0, 0.0]:[-2.2456533403651053, -2.2793423616092676, -2.2510268980280888, -2.2249597022128222, -2.2209944160141823, -2.2060770408767922, -2.264474628365708]
[2.0, 11.5, 0.0, 0.0]:[-2.1789593496631463, -2.14324024581725, -2.1786353120020916, -2.2671634888778276, -2.158960495888326, -2.208306385353522, -2.2042904148546256]
[1.5, 11.5, 0.0, 0.0]:[-2.2119018923183793, -2.2046713539171323, -2.165231941610754, -2.156968608271722, -2.1088612600026844, -2.173260833969403, -2.2748620064666207]
[1.0, 11.5, 0.0, 0.0]:[-2.1376541947771024, -2.141572448288254, -2.1543705513030913, -2.2149671933556005, -2.196012327598872, -2.198887392630065, -2.1831984005317895]
[0.0, 11.0, 0.0, 0.0]:[-2.1309035506162326, -1.9778849109034664, -1.9590859587568363, -1.9405408498656205, -2.008866444100383, -1.9819300278936796, -1.9390396761544149]
[0.0, 11.5, 0.0, 0.0]:[-2.1982064114417903, -2.2625795673369797, -2.2219675755763038, -2.1797943975427216, -2.2368815366221244, -2.2515570776511558, -2.2389884453313424]
[0.0, 10.5, 0.0, 0.0]:[-2.0340460005375998, -2.0107279287508875, -1.9140740559656892, -2.036077662325151, -2.0458194983828197, -1.9082488895845748, -1.9736611348711508]
[0.5, 10.0, 0.0, 0.0]:[-1.6071668017512923, -1.5641648780425617, -1.7314612493117116, -1.684150438650645, -1.6227067113427829, -1.6165153293405878, -1.6476105763103752]
[1.0, 9.5, 0.0, 0.0]:[-1.6566562786023282, -1.678387776023861, -1.7265227473746845, -1.7208449722014523, -1.6907567502362562, -1.6855378605655216, -1.6598773313342963]
[0.5, 9.0, 0.0, 0.0]:[-1.6943941360615948, -1.7167274871213754, -1.6821828861241372, -1.639213817544717, -1.7246204418106243, -1.6227000581028332, -1.658241004397496]
[0.0, 9.0, 0.0, 0.0]:[-1.7079208605353733, -1.802138051422058, -1.7389245507187665, -1.7306277011250581, -1.7738247784149022, -1.7575301601779056, -1.7132555854253784]
[0.0, 8.5, 0.0, 0.0]:[-1.8081570721883096, -1.7669188954692805, -1.7430752800972096, -1.724813968214879, -1.8021190286492321, -1.7485396323443418, -1.7548146403394647]
[0.0, 9.5, 0.0, 0.0]:[-1.7058032214796006, -1.6048523368245848, -1.6765480873597456, -1.6792920428253963, -1.6975035179402398, -1.6274635649418814, -1.6844687284130708]
[0.0, 10.0, 0.0, 0.0]:[-1.7309066632772154, -1.8180956337769154, -1.8062017770717047, -1.6803503005082234, -1.7856777516751068, -1.6997403345665112, -1.764407127678119]
[0.5, 11.5, 0.0, 0.0]:[-2.0931858615844403, -2.111555186898572, -2.072444142603221, -2.158187379510228, -2.0487199057939307, -2.1857923479997767, -2.0388658384382947]
[1.5, 11.0, 0.0, 0.0]:[-2.037729245114752, -2.0355702552284396, -2.0111254651398585, -2.029523384157135, -2.1534615587521424, -2.116472233774058, -2.09046622058344]
[2.0, 10.5, 0.0, 0.0]:[-1.8784052742223576, -1.9408938844686667, -1.940081829182145, -1.9097612343525934, -2.005597486768923, -1.8573130768361246, -1.878625040547734]
[1.5, 10.0, 0.0, 0.0]:[-1.7713316417843008, -1.7966889193099465, -1.8221087203471593, -1.7440439325953228, -1.736357812656534, -1.8177571641230368, -1.8261828816498276]
[1.0, 9.0, 0.0, 0.0]:[-1.6904209755844586, -1.7649635109148245, -1.6999196701978172, -1.6558667764926702, -1.689030383115476, -1.6505764625881216, -1.6682704407804239]
[1.0, 8.5, 0.0, 0.0]:[-1.6603502058341797, -1.7378344277430533, -1.6559943614561639, -1.7107752701404237, -1.7162832728799784, -1.7110156107531802, -1.6200085003333133]
[0.5, 8.5, 0.0, 0.0]:[-1.752581604996792, -1.7266235168741955, -1.7287779959101632, -1.7504750668159978, -1.7801496696490484, -1.696758256134269, -1.7171253703629632]
[3.0, 11.0, 0.0, 0.0]:[-2.2746979427197696, -2.145576770595626, -2.021109829155616, -2.0710739220965895, -1.9920688138467357, -2.032634114553541, -2.1745609618485595]
[3.5, 11.5, 0.0, 0.0]:[-2.2721188032450472, -2.2118086570307924, -2.295607473586853, -2.1130201176350374, -2.1468093727329336, -2.193115347477954, -2.166697507815158]
[4.0, 11.5, 0.0, 0.0]:[-1.9864538330830173, -1.9423009266262419, -2.1142656109340745, -2.05049649966671, -1.9643161022772513, -2.0822610349423956, -2.182538670926146]
[2.0, 11.0, 0.0, 0.0]:[-2.1562841765961105, -2.040247124784506, -1.9390100662069278, -1.9107066162607236, -1.923307492473882, -1.9830123958745682, -2.060540929938687]
[1.5, 10.5, 0.0, 0.0]:[-1.9284172444090852, -2.1083031287750726, -2.1032228372749167, -1.9348288106996905, -1.9471600331856356, -1.9084386715112194, -1.9343748743858036]
[1.0, 10.5, 0.0, 0.0]:[-1.9417162956514524, -1.880899582195802, -1.8342844961724194, -1.8444330505537625, -1.8448783089080996, -1.8739245654876393, -1.9135775501046797]
[1.0, 11.0, 0.0, 0.0]:[-1.9004490085061796, -2.077373664207091, -2.0271492321673046, -1.959958569079021, -2.0370627054248165, -2.025188740993035, -2.064571580844485]
[2.5, 11.0, 0.0, 0.0]:[-2.1694264256264395, -1.9594044298536282, -2.1236466440058552, -1.991225281846726, -1.9898963623585624, -1.9516642781156779, -2.0291205423739704]
[2.5, 10.5, 0.0, 0.0]:[-2.053077995331489, -1.880898130402147, -1.8621018895080539, -1.89641441226975, -1.9295395935719504, -1.8943669940708976, -2.104515443235876]
[3.0, 10.0, 0.0, 0.0]:[-1.937316937743331, -1.859460510220098, -1.8047625141550663, -1.8418765311518532, -1.785258596748474, -1.7870675723573677, -1.799164755923908]
[3.5, 9.5, 0.0, 0.0]:[-1.957367326352351, -1.682956511344354, -1.6695605621487766, -1.6705893618460834, -1.7459754709626565, -1.714043955090717, -1.6607418649523011]
[4.0, 9.0, 0.0, 0.0]:[-2.0994441619840103, -1.5450002278009511, -1.6701926186204963, -1.5803835496301748, -1.6238518805779756, -1.603407778835686, -1.5700864858920345]
[3.5, 9.0, 0.0, 0.0]:[-1.6906248378962287, -1.646618619109928, -1.6446059103542252, -1.6600896197173358, -1.673132690603142, -1.7066376872106184, -1.6286759157545676]
[3.5, 8.5, 0.0, 0.0]:[-1.8612918365026272, -1.5456933190760402, -1.5125300720939103, -1.597108473558901, -1.496528837250997, -1.5836959565831963, -1.4923442465273409]
[4.0, 8.5, 0.0, 0.0]:[-2.0292690494840304, -1.5290847405964478, -1.5405818621505225, -1.5338690278580112, -1.5810504162390875, -1.5536177863526275, -1.583978676297312]
[4.5, 8.5, 0.0, 0.0]:[-1.5424748684286516, -1.5260867713815234, -1.5592369799739068, -1.4855977189347334, -1.5507839982627336, -1.5492811120898597, -1.5422951257217894]
[4.5, 9.0, 0.0, 0.0]:[-1.4571331334370043, -1.4654402306353624, -1.4885523760112496, -1.5076429384905805, -1.519557563467576, -1.56479003449587, -1.4538236246140634]
[4.0, 9.5, 0.0, 0.0]:[-1.9558500521745374, -1.6292216243673021, -1.6558031600099523, -1.5597015643179457, -1.637602717999989, -1.6769761101768625, -1.5691175660204268]
[3.5, 10.0, 0.0, 0.0]:[-1.9746037820545679, -1.758085914456104, -1.939156412483304, -1.7195179644990308, -1.732176286230751, -1.7440212505590658, -1.8557085979753967]
[3.0, 10.5, 0.0, 0.0]:[-2.066924626287992, -1.9598117135097224, -2.0489660859858096, -1.9220836415126972, -1.9802376064421443, -1.870861635720595, -1.8773915755159898]
[4.5, 11.5, 0.0, 0.0]:[-1.976694540907122, -2.036826444201997, -1.9869063523923614, -2.147048470873191, -2.0287016396865916, -2.1182157812584776, -2.0069230352489793]
[5.0, 11.5, 0.0, 0.0]:[-2.047538271601692, -2.076447541279819, -2.062547612480956, -2.0519708500662244, -1.7912779079474226, -2.042949390233536, -2.079943222172055]
[5.5, 11.5, 0.0, 0.0]:[-2.069336876382396, -1.952358019545538, -2.0531043743731496, -1.986981047277503, -1.9481137923670184, -2.115456333104884, -1.9763492784313785]
[6.0, 11.5, 0.0, 0.0]:[-1.895587997367082, -1.9181922612422295, -1.9396236603682846, -1.9325752687888458, -1.8777487196142388, -2.0655123359115377, -1.9020015538193022]
[6.5, 10.5, 0.0, 0.0]:[-1.818552078092245, -1.844390538732872, -1.8529225717472952, -1.8117407015961065, -1.8346468773180908, -1.7661769443800388, -1.8211637254234412]
[7.0, 10.5, 0.0, 0.0]:[-1.7250630429745097, -1.6838179839824305, -1.6604184769398036, -1.6608742091798376, -1.7754973153572324, -1.783086856357381, -1.7210893843619095]
[8.0, 10.0, 0.0, 0.0]:[-1.4509470266396836, -1.423340879515186, -1.426687909961203, -1.4697088399971778, -1.5556187788750182, -1.4538622225808815, -1.579017375747706]
[8.5, 9.5, 0.0, 0.0]:[-1.2603343467809673, -1.313204730407755, -1.2330095954953229, -1.3088303748732666, -1.3890083406714435, -1.2810783963861243, -1.2491161723139548]
[9.0, 9.0, 0.0, 0.0]:[-1.4121768799490155, -1.4573932628192283, -1.4032796315316447, -1.448770356769264, -1.4604218431733895, -1.4398561655071611, -1.434857805159571]
[9.5, 9.0, 0.0, 0.0]:[-1.3920511223275716, -1.3236953153700637, -1.4288623208222706, -1.369405281873993, -1.3997488694322038, -1.3826374600809852, -1.4117279506032903]
[9.0, 8.5, 0.0, 0.0]:[-1.4803981421049683, -1.52152699993826, -1.370816879849781, -1.4734304782542722, -1.4140546950373083, -1.484756968289321, -1.449486797489226]
[8.5, 8.5, 0.0, 0.0]:[-1.3164125872044634, -1.1613616943359375, -1.3421760163998444, -1.33627099339069, -1.2555730149244482, -1.2061988779858175, -1.3149727538024307]
[8.0, 8.5, 0.0, 0.0]:[-1.4364293401453323, -1.4598480224609376, -1.4609419662356686, -1.3692270264867148, -1.4231673113505843, -1.482308701524802, -1.4078664002745427]
[7.0, 8.5, 0.0, 0.0]:[-1.4433442860841752, -1.5411749148144982, -1.5132756751034333, -1.482186681670251, -1.4673028022767527, -1.4761015674317397, -1.4910629710718837]
[7.5, 9.0, 0.0, 0.0]:[-1.4919148561681848, -1.4506225975749598, -1.4512082309363903, -1.457950286089071, -1.513730880794574, -1.387947594181104, -1.4440003025726575]
[9.0, 10.0, 0.0, 0.0]:[-1.5324500574957924, -1.5691093326144676, -1.5291462331449592, -1.5985896003030216, -1.4924686879613218, -1.4929904970374803, -1.49480996600747]
[9.5, 10.5, 0.0, 0.0]:[-1.5815779673092, -1.5793016609823178, -1.5713583099144257, -1.6573867263772653, -1.6273847165736322, -1.5428720856619362, -1.5228872942380423]
[10.0, 11.0, 0.0, 0.0]:[-1.7973282866178502, -1.65695863429558, -1.6382979814191847, -1.6958112356250648, -1.6411932997951175, -1.606607442589907, -1.789528867623479]
[10.5, 11.5, 0.0, 0.0]:[-1.814347341943406, -1.9097275102856641, -1.8767609670646823, -1.812640253021545, -1.7797235559448712, -1.8390695588399346, -1.8436245094191732]
[11.0, 11.5, 0.0, 0.0]:[-1.8439813835521925, -1.7776987312419585, -1.8412988367379497, -1.7612924604083107, -0.8908777765055702, -1.7832252252709089, -1.7848802816720992]
[11.5, 11.5, 0.0, 0.0]:[-1.8018605829245895, -1.7611016624421763, -1.7741116417819893, -1.7344025121368873, -1.7321300062056535, -1.749899155805176, -1.8224991840413907]
[12.0, 11.0, 0.0, 0.0]:[-1.5015398997669713, -1.4853954921922408, -1.4140656315604825, -1.3996071570470545, -1.5204787248297564, -1.741466378060839, -1.4473523600231748]
[12.5, 10.5, 0.0, 0.0]:[-1.323262344976293, -1.2607916978117424, -1.3927035250844892, -1.2548424136353664, -1.2894230216228542, -1.4205813892627912, -1.2791577402112297]
[13.0, 10.0, 0.0, 0.0]:[-1.2963325079182053, -1.2407091247342392, -0.7171471437323014, -1.2429829092311007, -1.304394505197822, -1.3135232676248543, -1.2237397862322899]
[12.5, 9.5, 0.0, 0.0]:[-1.126389197556323, -1.1489712429892007, -1.133181216279217, -1.1600365033521576, -1.243276221043958, -1.226469072047797, -1.2788122026244888]
[12.0, 9.5, 0.0, 0.0]:[-1.2047326872957536, -1.147305583194476, -1.1133432156378857, -1.1741837265805326, -1.2570065160508261, -1.1139619659340974, -1.137881028344054]
[11.5, 9.0, 0.0, 0.0]:[-1.2035086610550183, -1.1878017552792568, -1.2254538989189572, -1.1890414558623834, -1.2399759705827615, -1.2172508929812098, -1.2529117883192038]
[12.0, 9.0, 0.0, 0.0]:[-1.2847707811844822, -1.2157908275662337, -1.2835187860689166, -1.215771515472349, -1.2162224797805543, -1.2508826592438644, -1.291199913651229]
[12.5, 8.5, 0.0, 0.0]:[-1.0639280270314038, -1.0148415458854287, -1.056445026397705, -1.0610169413586847, -1.115630674998632, -1.1094063132528391, -1.140253090299666]
[13.0, 8.5, 0.0, 0.0]:[-1.1325349291714346, -1.1492677789501613, -1.193498275926074, -1.1198120008869488, -1.1686266879226366, -1.1968257053231734, -1.1451375378557052]
[13.5, 8.5, 0.0, 0.0]:[-1.099906177446246, -1.060759493545629, -1.122307185231582, -1.0402924603235804, -1.1405832534411218, -1.0822168538407426, -0.9902950398623944]
[12.5, 9.0, 0.0, 0.0]:[-1.1781904106881318, -1.0645536860637548, -1.1482712238542483, -1.11730598400333, -1.1062807466478262, -1.116341612826568, -1.0958810235373675]
[11.5, 10.0, 0.0, 0.0]:[-1.237006366252067, -1.3827074901898158, -1.45199317009368, -1.3281924366822397, -1.3064136385112226, -1.2955328650639482, -1.2993129310542084]
[11.0, 10.5, 0.0, 0.0]:[-1.551859321423041, -1.4437067705757896, -1.6348288832362021, -1.6556241874854163, -1.4519353415128418, -1.5848193411179952, -1.542537882548023]
[10.5, 11.0, 0.0, 0.0]:[-1.5868111851863818, -1.6030632706229397, -1.6426272606031092, -1.5924070326209459, -1.7701452433567737, -1.6798765175492045, -1.6708725482269333]
[14.0, 9.0, 0.0, 0.0]:[-1.0928990078200425, -1.041455932859226, -1.0669181924645597, -0.9651285594059583, -1.140624803484481, -0.8587340755064203, -1.0510375865226198]
[14.5, 9.5, 0.0, 0.0]:[-0.9766833099795758, -1.00100785963471, -0.5874190378238783, -1.0419870058118061, -0.9921142611283302, -1.13326281523005, -1.005714221629506]
[15.0, 10.0, 0.0, 0.0]:[-1.0990463644943311, -1.1081332928007033, -1.071296223382709, -1.1640314807497685, -1.0732502748018131, -0.9298100316873137, -1.1594326548427314]
[15.0, 10.5, 0.0, 0.0]:[-1.1484076969166002, -1.12853728299121, -1.1979528832633646, -1.1215988119227505, -1.098972912242338, -1.2371794221998798, -1.1109221111846372]
[16.0, 11.5, 0.0, 0.0]:[-1.4846822409007405, -1.534299848006017, -1.483692982473586, -1.5104691848965648, -1.425183860626416, -1.4911251972491306, -1.5275578258549456]
[16.5, 11.5, 0.0, 0.0]:[-1.5592690478091367, -1.570057012289018, -1.4941834714920788, -1.5393971543498406, -1.2050357939925878, -1.4908492832816704, -1.3913492033925743]
[16.5, 11.0, 0.0, 0.0]:[-1.4724942239117782, -1.4618093486429449, -1.4522453892830096, -1.4641904706795117, -1.4706736644657463, -1.5288771042860598, -1.4807719805569342]
[16.5, 10.5, 0.0, 0.0]:[-1.4541815843122874, -1.3244621700563974, -1.2926445446855046, -1.423778892563314, -1.3543478128946065, -1.4026715166911183, -1.2909418258757035]
[16.5, 10.0, 0.0, 1.0]:[-0.7513941945558145, -0.8303742195377775, -0.7179265645534829, -0.756245219173652, -0.8857115018153567, -1.0336896524007937, -0.7349134320642772]
[16.0, 9.5, 0.0, 0.0]:[-1.2137862093852805, -1.2197352415043161, -1.041885885963255, -1.2552643339014646, -1.1544651532862904, -1.2073964305419693, -1.2479859025668385]
[15.5, 10.0, 0.0, 0.0]:[-0.7764070266620493, -1.2372330898485653, -1.104825185060284, -1.0346541798697926, -1.099651474716948, -1.1595401472281341, -1.0480220102909397]
[14.5, 11.0, 0.0, 0.0]:[-1.268592785810685, -1.3411659250366736, -1.3298755719577473, -1.398030954178258, -1.3208685507700442, -1.2241242399792482, -1.2422600021292376]
[14.5, 11.5, 0.0, 0.0]:[-1.4936661566765665, -1.4637290940159917, -1.41734009507846, -1.4361301253342238, -1.3466221351756185, -1.4766463084144945, -1.4149904502153525]
[15.0, 11.5, 0.0, 0.0]:[-1.503183670012168, -1.4205706419187454, -1.4581943847788095, -1.4356999971213331, -0.8730259328535814, -1.4194766668509549, -1.4187695045635125]
[15.5, 11.5, 0.0, 0.0]:[-1.4215755244087975, -1.4013293278580026, -1.3966166825261168, -1.4206122888959891, -1.4407182426656588, -1.4024968390448094, -1.4631971070672658]
[16.0, 11.5, 0.0, 1.0]:[-0.6452238391128916, -0.7677712326863608, -0.6655897785014115, -1.210466553766293, -0.7296693309343387, -0.633070805564057, -1.085720154039995]
[15.5, 11.5, 0.0, 1.0]:[-0.7794977140603747, -1.2214264726194841, -1.095453198423212, -0.8573561476642405, -0.9910349238432142, -0.9313756035465737, -0.9012485762642974]
[15.0, 11.5, 0.0, 1.0]:[-0.7139559868913499, -1.0244313135563896, -0.5017204391874543, -0.9502295358462013, -0.887942853353926, -0.49522283431724645, -0.4759528615279124]
[15.5, 11.0, 0.0, 1.0]:[-0.5238074714894754, -0.2434659481048584, -0.36529628909192985, -0.211962890625, -0.2080256462097168, -0.13120117187500002, -0.7127202818399299]
[15.0, 10.5, 0.0, 1.0]:[-0.4926732011556396, -0.22968750000000002, -0.3088082939386368, -0.25605468750000004, -0.20937500000000003, -0.2631035755500989, -0.29942487057531475]
[14.5, 10.0, 0.0, 1.0]:[-0.23281250000000003, -0.274609375, -0.26982421875000007, -0.225, -0.281396484375, -0.23750000000000004, -0.5248352157413774]
[14.0, 9.5, 0.0, 1.0]:[-0.343804931640625, -0.33272705078125003, -0.48879078007484017, -0.329052734375, -0.544866943359375, -0.5101436095436043, -0.28232421875]
[13.5, 9.5, 0.0, 0.0]:[-1.0667715502427586, -1.0381419274702117, -1.0045955825869264, -0.845564129378376, -0.9537780958329897, -1.0182837609334103, -0.9738567178036396]
[13.0, 9.0, 0.0, 0.0]:[-1.0252476134065769, -1.0718407930364264, -1.0956810569216602, -1.0200642211895175, -1.0692100899056731, -1.024047565406363, -1.0982908065098176]
[12.0, 10.0, 0.0, 0.0]:[-1.2252905718252256, -1.2011258893089232, -1.3327316275765768, -1.3777700805672017, -1.3054594683694187, -1.3111753531897503, -1.2571525783957709]
[11.0, 10.5, 0.0, 1.0]:[-0.07500000000000001, -0.1, -0.07500000000000001, -0.62426614286337, -0.05, -0.05, -0.1]
[11.0, 11.0, 0.0, 1.0]:[-0.2, -0.11250000000000002, -0.05, -0.05, -0.11250000000000002, -0.05, -0.05]
[12.0, 11.5, 0.0, 1.0]:[-0.717600867280713, -0.31129608154296873, -1.5870678525681439, -0.301947021484375, -0.823852349617037, -1.0836312318937027, -0.4949050677008927]
[12.0, 11.5, 0.0, 0.0]:[-1.703661473254043, -1.5988716659342836, -1.7006663764101808, -1.5516606345614012, -1.6675725756721511, -1.6446883571721154, -1.627531307713162]
[10.0, 11.5, 0.0, 0.0]:[-1.8773775096726129, -1.800646425688659, -1.8529808680014281, -1.845738602090857, -1.7275884340747032, -1.8799093662713333, -1.795908089680105]
[9.5, 11.5, 0.0, 0.0]:[-1.8739261070120827, -1.902493673493096, -1.8372223690001361, -1.8001331520144919, -1.8434083533682006, -1.8682960694939132, -1.8501965246260164]
[9.0, 11.5, 0.0, 0.0]:[-1.9077626116067736, -1.898164907852403, -1.8902283883206983, -1.8898023369072248, -1.8925189912949456, -1.9448359714428012, -1.9226011641769833]
[8.5, 11.5, 0.0, 0.0]:[-1.6340064150172768, -1.6467364659105157, -1.6974174461670977, -1.804074402666267, -1.7877006699051718, -1.7159434301694314, -1.7214258957140234]
[8.0, 11.0, 0.0, 0.0]:[-1.6610977422443378, -1.68422957119621, -1.7852830395272241, -1.6317040306787753, -1.798029817209778, -1.7748242576137816, -1.6690988720167876]
[7.5, 10.5, 0.0, 0.0]:[-1.653638994393582, -1.5461411490989683, -1.627426422061268, -1.6456309045093602, -1.5938623071803768, -1.5961619597021124, -1.693914594986587]
[8.0, 9.5, 0.0, 0.0]:[-1.5412711778798664, -1.4642861554232915, -1.4186546560617748, -1.4683069123782404, -1.4859816478620522, -1.434575258905069, -1.4105480062179128]
[8.0, 10.5, 0.0, 0.0]:[-1.562442553105392, -1.5558271555460537, -1.684549459950865, -1.6207308880888753, -1.6040424926374732, -1.5983196299769005, -1.5911599030053623]
[8.0, 11.5, 0.0, 0.0]:[-1.92965060154639, -1.8938389449492856, -1.8967617779472477, -1.850791308281436, -1.762685153193127, -1.8010211601662833, -1.8597641618390246]
[8.5, 10.5, 0.0, 0.0]:[-1.5021633111739288, -1.610116072329531, -1.5687458590107424, -1.6274559960751551, -1.5133092530832908, -1.4686460047850571, -1.5217860277706379]
[8.5, 11.0, 0.0, 0.0]:[-1.5919374724488269, -1.6941215408395358, -1.753671791779781, -1.616034434878682, -1.74396546849483, -1.7107106656715128, -1.6468151523789007]
[8.5, 10.0, 0.0, 0.0]:[-1.4668024962542279, -1.4690486360916908, -1.4343941538097815, -1.3183142108810384, -1.4301553493818222, -1.4741860847412371, -1.3761113812459516]
[9.0, 9.5, 0.0, 0.0]:[-1.3496101227565118, -1.419120079520952, -1.3679147350509262, -1.412414231914262, -1.3867207498850826, -1.507973271073769, -1.5219195842227022]
[9.5, 8.5, 0.0, 0.0]:[-1.424130759986375, -1.4722448073327543, -1.4306007659791247, -1.4506640607353756, -1.4163456274766597, -1.416899439750116, -1.4355935730435658]
[9.5, 9.5, 0.0, 0.0]:[-1.4336899990026395, -1.419032883216416, -1.3385370249883444, -1.469960391793478, -1.372948563508161, -1.4218817615311825, -1.4031209834678946]
[9.5, 10.0, 0.0, 0.0]:[-1.4210800207144612, -1.4201617903624908, -1.5628384701526206, -1.4976063700370656, -1.5355887633159129, -1.383069313037994, -1.3603832433557275]
[9.5, 11.0, 0.0, 0.0]:[-1.6940676827273968, -1.6878368712716383, -1.7582919987863894, -1.7037748755627407, -1.7560835871770168, -1.7364237037938066, -1.8424632857509717]
[13.0, 10.5, 0.0, 0.0]:[-1.3927667594925288, -1.350457568678633, -1.3436479277455002, -1.3098255442214306, -1.3768312741866953, -1.4768726513016888, -1.3302987120325926]
[12.5, 10.0, 0.0, 0.0]:[-1.1314786050455063, -1.1283305376265487, -1.160374966037734, -1.0451334332840159, -1.1405403301081647, -1.1351886274231664, -1.0325520268579105]
[13.0, 9.5, 0.0, 0.0]:[-1.1848497461448968, -1.293536574949624, -1.1604433925128497, -1.1670216772626634, -1.2089560029755835, -1.197009399247905, -1.158267819737171]
[12.0, 8.5, 0.0, 0.0]:[-1.2087739821089094, -1.236700439453125, -1.2179422052170366, -1.1736385000995941, -1.2282709115930532, -1.286218068840719, -1.1837287174074769]
[11.0, 9.5, 0.0, 0.0]:[-1.299391340582449, -1.2598481521513105, -1.2152852379626213, -1.287015866782634, -1.2922657077325845, -1.286681408327448, -1.2433824074524344]
[12.0, 10.5, 0.0, 0.0]:[-1.2746396053791376, -1.2509734611054557, -1.3004127802264596, -1.3612920887707027, -1.3581567035014195, -1.4185208795745425, -1.315417506853089]
[11.0, 11.0, 0.0, 0.0]:[-1.5858180305445049, -1.6805270467065396, -1.5757307583594038, -1.5880705181459223, -1.5824716737948967, -1.6132583481729172, -1.664296984807084]
[10.0, 10.5, 0.0, 0.0]:[-1.4944415424967965, -1.6247237409304716, -1.6857823745000036, -1.5726039567295573, -1.5081619670161306, -1.6287533542989792, -1.7357142790940483]
[10.0, 10.0, 0.0, 0.0]:[-1.3765910258161866, -1.397014591910635, -1.459319700650779, -1.396140109760612, -1.355358551527003, -1.3575790856292738, -1.4560981888915139]
[10.5, 9.5, 0.0, 0.0]:[-1.2014850496285687, -1.2129340020241703, -1.20671585958842, -1.2261374507635425, -1.2428683758029928, -1.4203710994195102, -1.2162008729264242]
[10.5, 9.0, 0.0, 0.0]:[-1.197821831703186, -1.109935647629855, -1.2271885573863983, -1.2530631772483787, -1.2474146600468106, -1.108108144983099, -1.2389416269688809]
[10.0, 8.5, 0.0, 0.0]:[-1.3706220139265497, -1.3691113814173153, -1.4070867344133555, -1.3251051444955873, -1.3800740938633682, -1.4038703537067034, -1.3213442284613848]
[10.0, 9.5, 0.0, 0.0]:[-1.3987250695070665, -1.361923283656426, -1.33521722002246, -1.3994635856259396, -1.3513886781369835, -1.3456022787559032, -1.34965183552369]
[10.5, 10.0, 0.0, 0.0]:[-1.450506859330772, -1.3189781423024391, -1.364278700009911, -1.4406352017669426, -1.3485680913788949, -1.373250760047846, -1.322833932710632]
[12.5, 11.5, 0.0, 0.0]:[-1.5987831834321842, -1.626079062662766, -1.5847706146258087, -1.561980236541813, -1.5818917353601003, -1.5589101777389032, -1.5812291117055493]
[13.0, 11.5, 0.0, 0.0]:[-1.5384561906563121, -1.521492281516768, -1.5367193950321159, -1.4402830707526053, -1.4615108730663908, -1.5156718145920687, -1.4758793684767615]
[13.5, 11.5, 0.0, 0.0]:[-1.5013990407033795, -1.4894367906982668, -1.485918440478991, -1.4958138894226347, -1.278788217355491, -1.485959332298405, -1.5192815200381027]
[14.0, 11.5, 0.0, 0.0]:[-1.4060792311435204, -1.4275383527819732, -1.5120555928440758, -1.4223275626257896, -1.374605301165265, -1.465327127976912, -1.4445132947531807]
[13.0, 11.0, 0.0, 0.0]:[-1.339331518571969, -1.1414419796664972, -1.5001534173914681, -1.3244696888178018, -1.3488843481363548, -1.353243653881592, -1.330817953612248]
[13.0, 10.0, 0.0, 1.0]:[-0.2919921875, -0.171875, -0.6302435205957602, -0.24843750000000003, -0.16406250000000003, -0.125, -0.1375]
[13.0, 9.5, 0.0, 1.0]:[-0.14375000000000002, -0.45425332095474014, -0.15000000000000002, -0.6844185745504759, -0.1375, -0.7091436807360925, -0.15937500000000002]
[13.0, 10.5, 0.0, 1.0]:[-0.1, -0.2720787452569311, -0.11250000000000002, -0.13125, -0.07500000000000001, -0.07500000000000001, -0.159375]
[12.5, 11.0, 0.0, 1.0]:[-0.05, -0.05, -0.11240081787109377, -0.09375, -0.43940540469266126, -0.1, -0.07500000000000001]
[12.5, 11.0, 0.0, 0.0]:[-1.4550999490877865, -1.5078627942338225, -1.5942438612194818, -1.461271872496873, -1.5301029796112497, -1.493822553682234, -1.4523530329076961]
[10.0, 9.0, 0.0, 0.0]:[-1.3354509286049847, -1.3012185096740723, -1.3398521618257493, -1.325603410974868, -1.409945488732388, -1.3425471164432783, -1.3969007459827343]
[10.5, 8.5, 0.0, 0.0]:[-1.2559385662898421, -1.2850241176921924, -1.2572156315669418, -1.2990925761797039, -1.3346062123775484, -1.2707386909454947, -1.2697979285035443]
[11.0, 8.5, 0.0, 0.0]:[-1.2730451014356081, -1.33956298828125, -1.281212345142194, -1.2985975534984004, -1.2630665987730025, -1.343729118361459, -1.2815075155416529]
[14.0, 8.5, 0.0, 0.0]:[-1.0782869366237335, -1.007333517074585, -1.0766436866564617, -1.0033726711448252, -1.028938639163971, -0.9241744306970369, -1.0547745287418366]
[14.5, 9.0, 0.0, 0.0]:[-0.958078732615475, -1.063642277599768, -0.8542850563380161, -1.0283308908301372, -0.9610819575090799, -0.9654226714922371, -1.0033189175514752]
[13.5, 11.0, 0.0, 0.0]:[-1.178285496034392, -1.2260244485661436, -1.2312693072647642, -0.9384285222750605, -1.2473133914404917, -1.328961142897882, -1.2686401496439106]
[13.5, 10.5, 0.0, 0.0]:[-1.2328080903530658, -1.190362833924832, -1.2476712841418918, -1.1771083205509991, -1.2018827299196466, -1.1680350492553941, -1.2415558214174065]
[13.5, 10.0, 0.0, 0.0]:[-1.0738736238505928, -0.9568349036742352, -1.1899086772420495, -0.9017008531239302, -1.1706323425635643, -0.9654344946917047, -1.183303051072234]
[12.5, 9.0, 0.0, 1.0]:[-0.1, -0.53270263671875, -0.4729961395263672, -0.07500000000000001, -0.1, -0.16875, -0.05]
[13.0, 9.0, 0.0, 1.0]:[-0.10625000000000001, -0.571846162448762, -0.1, -0.16328125000000002, -0.07500000000000001, -0.1, -0.11796875000000001]
[13.5, 8.5, 0.0, 1.0]:[-0.4855062484741211, -0.39687500000000003, -0.7132627588085597, -0.32470703125, -0.44614868164062504, -0.40162811279296873, -0.47413940429687496]
[14.0, 10.0, 0.0, 0.0]:[-1.1686576212242876, -0.9316423738048555, -1.066517928186554, -1.086421274166224, -1.0339383310472312, -1.0470461168297935, -1.0554439299879435]
[14.5, 10.5, 0.0, 0.0]:[-1.019869372904806, -1.1796718346626314, -1.2193830781213622, -1.1244469889151494, -1.170969140148102, -1.2648580471258857, -1.1879049826820987]
[15.0, 11.0, 0.0, 0.0]:[-1.3136771458840275, -1.3488863942799019, -1.3082112025438595, -1.2560713621129083, -1.15250394070716, -1.2716868414144002, -1.4048665072269517]
[16.5, 11.5, 0.0, 1.0]:[-0.6605468750000001, -0.6855216959881658, -0.6741349190585169, -0.6877351960478508, -0.6661131318684397, -0.9306190679396459, -0.8869345250400538]
[2.5, 10.0, 0.0, 0.0]:[-1.8679244199869338, -1.7395418512089047, -1.719669847600819, -1.691007368193039, -1.751197686122656, -1.8475246610346967, -1.7759402427245927]
[2.0, 9.5, 0.0, 0.0]:[-1.7232064285917725, -1.7155842504591274, -1.7012411851538605, -1.70865087024705, -1.7230340983423322, -1.6895574512819787, -1.7497410053549802]
[2.5, 9.5, 0.0, 0.0]:[-1.9062779024107286, -1.7862159799357546, -1.7467612505373313, -1.7663941330196813, -1.7451776238279346, -1.7974968198153727, -1.8457413552347246]
[3.0, 9.0, 0.0, 0.0]:[-1.791244177575404, -1.6444885402316576, -1.6516029208764458, -1.6270541383631003, -1.7223103092258425, -1.7174241881150007, -1.6524704424813565]
[2.5, 9.0, 0.0, 0.0]:[-1.8413412534890972, -1.6298707797179564, -1.533661967189631, -1.5379924890837027, -1.6070191911016032, -1.6274115617785823, -1.6864709828743658]
[2.0, 8.5, 0.0, 0.0]:[-1.8266818308874588, -1.5849440088092583, -1.6482953879155247, -1.6699799982832415, -1.6645910548948928, -1.6242135326913096, -1.6429165214649473]
[1.5, 8.5, 0.0, 0.0]:[-1.671849572616984, -1.6628709940898188, -1.6336269664467227, -1.6500639999751279, -1.681097526763577, -1.623527345289232, -1.6877823297218337]
[1.5, 9.5, 0.0, 0.0]:[-1.73421173340695, -1.7624005286840219, -1.6372451900075569, -1.7077392788232637, -1.7555830868255868, -1.76046521690057, -1.7127156465816555]
[3.5, 11.0, 0.0, 0.0]:[-1.9808542153460886, -1.9362195255618428, -1.9338138852872004, -1.9440866363232792, -1.9821866316041123, -1.9619578832168845, -2.1043563087529886]
[3.5, 10.5, 0.0, 0.0]:[-1.9591675634186485, -1.869424987442188, -1.8395098051820327, -1.8406978457810959, -1.9836808226153377, -1.8711223337015561, -1.7446345239149388]
[3.0, 9.5, 0.0, 0.0]:[-1.9004854860907987, -1.7331620681988538, -1.7356980551659402, -1.7523370238082223, -1.6915641991535408, -1.6776250913844386, -1.7104032433622343]
[2.0, 10.0, 0.0, 0.0]:[-1.8203414186362479, -1.8263880502581369, -1.9015322222639428, -1.8219841040145872, -1.839228135653212, -1.8608303421379453, -1.81651095571597]
[0.5, 9.5, 0.0, 0.0]:[-1.5839003529708635, -1.5551302945710037, -1.6909053926566777, -1.7125836014879563, -1.5574418107804409, -1.6592484064298927, -1.7332061426000345]
[1.5, 9.0, 0.0, 0.0]:[-1.6573548115798111, -1.6476862656540736, -1.5842670262211218, -1.578300152024425, -1.706791025715234, -1.6940200415054347, -1.678926912647086]
[2.0, 9.0, 0.0, 0.0]:[-1.6339406300259978, -1.6417766511225032, -1.6151355806513492, -1.6809564708432183, -1.6897444879296866, -1.751595044293364, -1.686814115828958]
[4.0, 11.0, 0.0, 0.0]:[-1.9259141499531962, -1.7607022589530774, -1.9306009246767204, -1.7925071551715848, -1.9437206049923608, -1.9244794256794844, -1.9944447023325154]
[2.5, 8.5, 0.0, 0.0]:[-2.0258167746760516, -1.6371816220252455, -1.6556836093021925, -1.6416145000603395, -1.6221941304588814, -1.6345774548555694, -1.621224628575038]
[3.0, 8.5, 0.0, 0.0]:[-2.0185672933812784, -1.5562035450141884, -1.5410807850286186, -1.5973663910594675, -1.5921326118281152, -1.628454470570309, -1.5146607626026842]
[4.5, 9.5, 0.0, 0.0]:[-1.6913776450189908, -1.6898346610147912, -1.7938024901069323, -1.6641882326698085, -1.6135504376324636, -1.6483502028788255, -1.6771582432433503]
[6.5, 11.0, 0.0, 0.0]:[-1.83714709065787, -1.7611225028459874, -1.7505114385994553, -1.8710471532565243, -1.8843553295069906, -1.7692289688561766, -1.7750759831570386]
[7.5, 10.0, 0.0, 0.0]:[-1.5302898702385188, -1.5003758556199278, -1.627491735246993, -1.5259119979139921, -1.5134067179473503, -1.506005750175234, -1.5413318199388257]
[9.0, 10.5, 0.0, 0.0]:[-1.6863906446535668, -1.814053272097684, -1.6471192210780803, -1.6457156272027542, -1.617213368770758, -1.6351264462078676, -1.625848349658348]
[16.0, 9.5, 0.0, 1.0]:[-0.6930996061881366, -0.6907545334934753, -0.7964416742292059, -0.7537768588774125, -0.9440947646653491, -0.8482915680361153, -0.7318146204390091]
[16.5, 9.5, 0.0, 1.0]:[0.0, 0.0, -0.1, 0.0, 0.0, 0.0, 0.0]
[16.5, 9.5, 0.0, 0.0]:[-0.38094482421875003, -0.30000000000000004, -0.39022827148437506, -0.5529074382670587, -0.275, -0.5308164505159602, -0.35]
[16.5, 10.0, 0.0, 0.0]:[-1.3409507552563062, -1.2981925339758607, -1.307464007384408, -1.3046672579655754, -1.3397944822248742, -1.2951065594061748, -1.3212123167226353]
[16.0, 10.0, 0.0, 0.0]:[-1.2279398156659977, -1.206417255283096, -1.2135237795017022, -1.274388286302739, -1.176889574731475, -1.1728659079840087, -1.1807615249957486]
[15.5, 10.5, 0.0, 0.0]:[-1.217768043508869, -1.2619422587095817, -0.6759788971702942, -1.2400362847314828, -1.213960332870829, -1.1292550657148168, -1.1684712056818805]
[14.5, 11.5, 0.0, 1.0]:[-0.5917947653205318, -0.7814274576310087, -0.9533134950043498, -0.7807579033342298, -0.8641455885390655, -0.9302505580499794, -0.6859344671111728]
[14.0, 11.5, 0.0, 1.0]:[-0.7649472547262466, -0.7448794277403692, -1.0166492772335674, -0.6150421739313003, -0.8903305540063151, -1.1023110902985342, -0.5397846919744254]
[13.5, 11.5, 0.0, 1.0]:[-0.7000051613562286, -0.5451627166620854, -0.4521673089842352, -0.5057661686030954, -0.37186826758061214, -0.7318303416972662, -0.6950848759194592]
[13.0, 11.5, 0.0, 1.0]:[-0.6844825661212134, -0.9186058594853532, -0.9333318521362957, -0.43056566099494376, -0.7602985280792651, -0.5437625111123303, -0.4420863648876548]
[10.0, 10.5, 0.0, 1.0]:[-0.3730069637298584, -0.7971886741487899, -0.05, -0.05, -0.05, -0.05, -0.5556092901070432]
[9.5, 10.5, 0.0, 1.0]:[-0.05, -0.1, -0.27478179931640623, 0.0, 0.0, 0.0, 0.0]
[14.0, 11.0, 0.0, 0.0]:[-1.3599556898118257, -1.1535581328525064, -1.3221896680058567, -1.418290644968046, -1.383144152908336, -1.3128484398219316, -1.4091336415213065]
[16.5, 11.0, 0.0, 1.0]:[-1.022653117948968, -0.8613040227702499, -0.9167902079374082, -0.8914773677712329, -0.7478311844431416, -0.8395092478695005, -0.8259231508203355]
[16.5, 10.5, 0.0, 1.0]:[-0.6878621316034479, -0.6816493405674526, -0.858264954378059, -0.665200658679727, -1.1229343229924358, -0.6867162205239072, -0.7181282414859207]
[15.5, 9.5, 0.0, 0.0]:[-1.1044579511595805, -1.1136225823256631, -1.1045804333173876, -1.1823249056446419, -1.1685244411423095, -1.1112474319191936, -1.1347445293570664]
[13.5, 10.5, 0.0, 1.0]:[-0.2630892515182495, -0.27490234375, -0.20937500000000003, -0.4951995657633518, -0.26732877194881444, -0.6126909335784058, -0.6173443100682722]
[14.0, 10.0, 0.0, 1.0]:[-0.3046875, -0.19921875000000003, -0.1375, -0.5674986352652922, -0.14375000000000002, -0.22109375, -0.6678321674054352]
[14.0, 9.0, 0.0, 1.0]:[-0.4980560302734376, -0.5241297789069341, -0.32431640625, -0.6713316280344949, -0.3271484375, -0.6784292098222476, -0.31679687500000003]
[13.5, 9.5, 0.0, 1.0]:[-0.472998046875, -0.11250000000000002, -0.07500000000000001, -0.5890561991567665, -0.1, -0.07500000000000001, -0.11250000000000002]
[11.5, 8.5, 0.0, 0.0]:[-1.1428342142925678, -1.1486098259687423, -1.3443803576331022, -1.1694405971101256, -1.1618363857269287, -1.2211746086949744, -1.1500069138852616]
[11.5, 9.5, 0.0, 0.0]:[-1.172536134346006, -1.2699457062647124, -1.3356557654771408, -1.2102071885847887, -1.218889894955966, -1.1750174348772369, -1.1942538227429487]
[11.5, 10.5, 0.0, 0.0]:[-1.4008693447616651, -1.4709858321296867, -1.3837903893160246, -1.4333784376215348, -1.5083769445208088, -1.4039402952628182, -1.4674761062087183]
[11.0, 10.0, 0.0, 0.0]:[-1.2378368866695229, -1.3948161205678562, -1.2848103644250135, -1.3173571892584128, -1.493829660123407, -1.3618264018378348, -1.3310096788797727]
[11.0, 9.0, 0.0, 0.0]:[-1.2499800020650889, -1.1804026522673667, -1.285929236868352, -1.2182180783966166, -1.2248458498279966, -1.1960540186292015, -1.2463033631280003]
[4.5, 11.0, 0.0, 0.0]:[-1.912364980891882, -1.9433989930654574, -1.9325899871348695, -2.085724648932046, -1.8886493187938456, -1.967765915668779, -1.983335820040956]
[4.0, 10.5, 0.0, 0.0]:[-1.8394496567988972, -1.7983212119172434, -1.9010037591934028, -1.9406247288934606, -1.8479433453475842, -1.8313898473746568, -1.9269909219819132]
[1.0, 10.0, 0.0, 0.0]:[-1.7367314627362638, -1.8067759950527011, -1.7684265695368366, -1.871061754938624, -1.7530394740795816, -1.7614765219092212, -1.7465730235756263]
[6.0, 11.0, 0.0, 0.0]:[-1.769858299083836, -1.7725433237309396, -1.8064918347094099, -1.8277818678519169, -1.8509025636426748, -1.8327834551460342, -2.0358435959300722]
[5.5, 10.5, 0.0, 0.0]:[-1.6519761537849948, -1.7051786697731106, -1.7480785518104693, -1.6877643275318635, -1.7203617071762507, -1.766235204362006, -1.586772970351404]
[5.0, 10.0, 0.0, 0.0]:[-1.6288197864917375, -1.769780679862849, -1.6408470785956393, -1.6891926756894522, -1.8040764684111807, -1.6284827035640288, -1.628008400582573]
[4.5, 10.0, 0.0, 0.0]:[-1.6351568305786932, -1.7834287767753922, -1.6426288822739192, -1.602007830531373, -1.6425750391213638, -1.5637466331762426, -1.7140830172351627]
[5.0, 10.5, 0.0, 0.0]:[-1.849125668769441, -1.8331015644225013, -1.8397983376815876, -1.726436791151702, -1.8018935082790821, -1.78338690037068, -1.950307240510031]
[5.5, 11.0, 0.0, 0.0]:[-1.929500757939088, -1.8889644585852754, -1.7953102138729435, -1.8077147099876845, -1.9161820301280503, -1.8322289172021802, -1.9230611786778755]
[6.0, 10.5, 0.0, 0.0]:[-1.6994869488920061, -1.652743406861474, -1.83535923570353, -1.6602235353462542, -1.791218700170346, -1.782577890842434, -1.6488187395571616]
[5.5, 10.0, 0.0, 0.0]:[-1.5260679221765026, -1.5265903699432437, -1.5112959439760574, -1.5536912153466464, -1.641931845669578, -1.6306280492670617, -1.5596132481163103]
[5.0, 9.5, 0.0, 0.0]:[-1.4644278025159214, -1.4381922965598517, -1.5807866383804048, -1.4720667963531895, -1.452647647340517, -1.5884576419666523, -1.5709360575567577]
[5.0, 8.5, 0.0, 0.0]:[-1.529398095157196, -1.5500434935092926, -1.5266494840687075, -1.5736824418352715, -1.570918791073561, -1.4576640349352123, -1.5697960198107965]
[5.5, 8.5, 0.0, 0.0]:[-1.5691315780476773, -1.5554159402847292, -1.5211596434379544, -1.544911259414377, -1.5124101074684402, -1.5888442450507352, -1.5561226934194563]
[6.0, 8.5, 0.0, 0.0]:[-1.5414461958355252, -1.486006482479024, -1.5919301164588044, -1.5295299829740485, -1.5310936726957154, -1.53698049412748, -1.5569641611300566]
[6.5, 8.5, 0.0, 0.0]:[-1.6323867139153663, -1.6294391632080085, -1.532857450724444, -1.5868739772402733, -1.6032359122285613, -1.5540853354583053, -1.652545896771426]
[6.5, 9.0, 0.0, 0.0]:[-1.5438469035770477, -1.5773144349706145, -1.540041852192231, -1.5624500449096965, -1.5562002982510417, -1.5489718950872478, -1.5815595239683593]
[6.0, 9.5, 0.0, 0.0]:[-1.4877743477363157, -1.5180073875676054, -1.505670883692928, -1.5494929877085988, -1.5535853826521993, -1.4868566726678596, -1.4633396367542777]
[6.0, 10.0, 0.0, 0.0]:[-1.6621769788201592, -1.667907777594972, -1.659626977707735, -1.602083977405215, -1.5889422198063836, -1.598224277910198, -1.7614134834207644]
[6.5, 11.5, 0.0, 0.0]:[-1.8820648638970803, -1.9060045852316976, -1.956023177308021, -1.976118914556267, -1.9538486208865482, -1.9159582833596365, -1.9730428928936674]
[7.0, 11.5, 0.0, 0.0]:[-1.9869583401109412, -2.0359776878713296, -1.9347821315723972, -1.9124007397284766, -1.839160634463481, -1.9870243044424547, -1.9344120211746367]
[7.5, 11.5, 0.0, 0.0]:[-1.8437278693622718, -1.9419949831134509, -1.9878461673053454, -1.9111155672888147, -1.858135863039474, -1.8597060668272634, -1.8650525511013654]
[8.0, 9.0, 0.0, 0.0]:[-1.4412272112354922, -1.4380627783894304, -1.471152950120345, -1.4025273408786885, -1.4635952096833837, -1.491415571150529, -1.4466472504339305]
[7.5, 8.5, 0.0, 0.0]:[-1.3911896312034515, -1.450687748193741, -1.4412650916648775, -1.466064641443836, -1.4094361202332948, -1.494678836746359, -1.4167110619084569]
[7.5, 9.5, 0.0, 0.0]:[-1.4220585275801614, -1.4423806163920432, -1.4798661716981498, -1.4435724063555404, -1.4799313718595282, -1.422981623321891, -1.4565153776595179]
[7.0, 11.0, 0.0, 0.0]:[-1.8234978853090418, -1.914530289239472, -1.883243230737579, -1.8019742716668365, -1.9572215870372411, -1.7888264244543297, -1.7906753164236555]
[6.5, 9.5, 0.0, 0.0]:[-1.5111152227163505, -1.5621009137228132, -1.5591352241858152, -1.4825604476505467, -1.4798886861804204, -1.5654108232486927, -1.5667550606055065]
[7.0, 9.5, 0.0, 0.0]:[-1.4065971711825516, -1.3767885705031984, -1.4348332221129012, -1.4887383678595993, -1.4487891142466864, -1.444414612624179, -1.4721489583494052]
[9.0, 11.0, 0.0, 0.0]:[-1.84167477361044, -1.7435821778281766, -1.7128593023118606, -1.7919531569832614, -1.8393395539527422, -1.8542605388928561, -1.7171935135676448]
[11.0, 9.5, 0.0, 1.0]:[-0.05, -0.05, -0.05, -0.1, -0.05, -0.05, -0.07500000000000001]
[10.5, 9.0, 0.0, 1.0]:[-0.39228515625000004, -0.43394598960876474, -0.05, -0.07500000000000001, -0.05, -0.05, -0.1]
[7.0, 10.0, 0.0, 0.0]:[-1.6658634840045172, -1.500239418203869, -1.525812558414847, -1.5717203614574728, -1.429394342417992, -1.4839452553771673, -1.4920125088607419]
[6.5, 10.0, 0.0, 0.0]:[-1.5017367400741222, -1.482616254511734, -1.4646910679864504, -1.561989249146329, -1.5058953247062572, -1.536959853692899, -1.619041459245874]
[4.5, 10.5, 0.0, 0.0]:[-1.704574963628025, -1.6565452418501092, -1.6393763777060597, -1.5920135772641242, -1.7424942359850264, -1.733513034584205, -1.7063033012219688]
[5.5, 9.5, 0.0, 0.0]:[-1.447331957505602, -1.429677684409528, -1.5783755846044265, -1.4339678327498415, -1.4624728644125766, -1.4469334053464982, -1.46928260350863]
[5.0, 9.0, 0.0, 0.0]:[-1.5400995282002752, -1.5124711164052154, -1.6497516858906098, -1.5095611374464744, -1.5186432069400917, -1.632129329752174, -1.5326672394430854]
[5.5, 9.0, 0.0, 0.0]:[-1.5220637372949204, -1.4269135575475174, -1.4205399415675175, -1.3777837011992233, -1.4417043710899078, -1.4272945045417118, -1.4484175754685467]
[14.0, 11.0, 0.0, 1.0]:[-0.3674060249907825, -0.35093472898006445, -0.3367069244384766, -0.4749299899246495, -0.8402269131854128, -0.34835205078125003, -0.3132400274276733]
[12.5, 11.5, 0.0, 1.0]:[-0.3573031720914287, -0.9786391961891673, -0.41761527926163355, -0.37055664062500004, -0.774704742450016, -0.9681415917160919, -0.5860846169687405]
[12.0, 11.0, 0.0, 1.0]:[-0.8074447349101025, -0.11240081787109377, -0.11250000000000002, -0.6142431440634515, -0.19921875, -0.10330907106399537, -0.140625]
[11.5, 10.5, 0.0, 1.0]:[-0.07500000000000001, -0.05, -0.07500000000000001, -0.05, -0.05, -0.05, -0.05]
[11.0, 10.0, 0.0, 1.0]:[-0.08750000000000001, -0.05, -0.05, -0.39763183593750007, -0.3931640625, -0.07500000000000001, -0.07500000000000001]
[10.5, 9.5, 0.0, 1.0]:[-0.48549716472625737, 0.0, -0.05, -0.05, 0.0, -0.05, -0.05]
[10.0, 9.0, 0.0, 1.0]:[-0.507051944732666, -0.5344726562500001, -0.5544786810874939, -0.6099955774787986, 0.0, -0.1, 0.0]
[10.5, 10.5, 0.0, 0.0]:[-1.4246542905391912, -1.477303130014004, -1.4937790399584803, -1.490474690029082, -1.4704926052121645, -1.5105800193114938, -1.5703104501242704]
[11.5, 11.0, 0.0, 0.0]:[-1.5890987912324666, -1.6791480829392054, -1.5408172026922933, -1.5322868693922245, -1.5505465427686147, -1.6133408258941753, -1.5497001106336583]
[10.5, 11.5, 0.0, 1.0]:[-0.07500000000000001, -0.07500000000000001, -0.05, -0.159375, -0.1, -0.05, -0.7589168411557984]
[10.0, 11.5, 0.0, 1.0]:[-0.8282200986213549, -0.8717658818350166, -0.1, -0.05, 0.0, -0.7172209359890533, -0.05]
[11.0, 11.5, 0.0, 1.0]:[-0.8038720645821877, -0.32187051624059676, -0.9308047783595534, -0.4296068549156189, -0.44943855711499053, -0.21483154296874998, -0.7443099341460204]
[7.0, 9.0, 0.0, 0.0]:[-1.5475715010840667, -1.4727362246161655, -1.5844855964986722, -1.5031554764902535, -1.5450328497459456, -1.4742707467328118, -1.5337738166423605]
[4.0, 10.0, 0.0, 0.0]:[-2.091800697751901, -1.6720045897223783, -1.6380487125379068, -1.6963233866776544, -1.6587507270115713, -1.7690395591083412, -1.6551518022430276]
[5.0, 11.0, 0.0, 0.0]:[-1.8342186457167449, -1.8101143165231748, -1.8276418240994443, -1.9261001884909537, -1.8593384357815235, -1.8152931017102834, -1.9584520787239184]
[7.5, 11.0, 0.0, 0.0]:[-1.696939925268849, -1.6290233827042968, -1.718463499637017, -1.7604464160242346, -1.6923956925668455, -1.7085902730035065, -1.8876325483126053]
[8.0, 11.0, 0.0, 1.0]:[-0.05, 0.0, 0.0, 0.0, 0.0, 0.0, 0.0]
[7.5, 10.5, 0.0, 1.0]:[-0.1, 0.0, 0.0, 0.0, 0.0, 0.0, 0.0]
[14.0, 10.5, 0.0, 0.0]:[-1.1225949585261081, -1.1732056647075502, -1.0481643348108705, -1.112766214195921, -1.3093274078052044, -1.1284708232317378, -1.0696603913663734]
[14.5, 10.0, 0.0, 0.0]:[-1.0146430171271388, -1.0813384069319965, -1.0604121087704992, -0.9893771753800762, -1.0097676996241027, -1.0669154761623207, -0.9921374589104858]
[13.5, 9.0, 0.0, 0.0]:[-1.0481606123036862, -1.1031413015443832, -1.1735214266540677, -1.044171601483079, -1.1763266597717, -1.0458527104176216, -1.0389324401973936]
[14.5, 10.5, 0.0, 1.0]:[-0.5192971198631859, -0.7811915037620483, -0.24296875, -0.272265625, -0.27890625, -0.26511840820312504, -0.7040409129021771]
[16.0, 10.5, 0.0, 1.0]:[-0.1625, -0.1609375, -0.14687500000000003, -0.46590965898935943, -0.4114482879638672, -0.5151747687680654, -0.48139456270747194]
[16.0, 10.0, 0.0, 1.0]:[-0.26552124023437507, -0.5691666157366945, -0.24912109375, -0.751382824385982, -0.38521472879268687, -0.47201684753104683, -0.5146200029055763]
[0.5, 10.5, 0.0, 0.0]:[-1.6989547160215397, -1.647424666546144, -1.587567002530987, -1.8178489536404077, -1.5948546486331807, -1.7246870450164158, -1.5971952852329165]
[6.0, 9.0, 0.0, 0.0]:[-1.473736577540015, -1.4707465039781198, -1.4115713309807285, -1.5472511036764192, -1.5114748247660188, -1.4866242296908672, -1.4070556876754723]
[8.5, 9.0, 0.0, 0.0]:[-1.2613077567299609, -1.3503724044970338, -1.304883853641217, -1.3884148205221218, -1.2391929122876197, -1.4388606958004713, -1.2457972824573518]
[0.5, 11.0, 0.0, 0.0]:[-1.7681137471450483, -1.8146240229269262, -1.7587699229268012, -1.9526753673525001, -1.8122736062482634, -2.0552696716678733, -1.802295326537972]
[13.5, 10.0, 0.0, 1.0]:[-0.6400741210430878, -0.6194548334848349, -0.43290082521389195, -0.6103439167472875, -0.20703125, -0.1625, -0.2546142578125]
[14.0, 10.5, 0.0, 1.0]:[-0.190625, -0.37559115861076864, -0.33259177878499036, -0.18281250000000002, -0.23915710449218752, -0.20903320312500004, -0.29290653525968086]
[15.5, 10.5, 0.0, 1.0]:[-0.2720703125, -0.20673828125000002, -0.6347102976779023, -0.6920770015629134, -0.6087992522808138, -0.47570183082546724, -0.37311080992221834]
[16.0, 11.0, 0.0, 1.0]:[-0.6022486739545725, -0.78808027750481, -0.342848539352417, -0.15000000000000002, -0.22515270904405044, -0.22343749999999998, -0.6135025339429996]
[14.5, 11.0, 0.0, 1.0]:[-0.34252268597483637, -0.25810031592845917, -0.3832756091621264, -0.26388080120086677, -0.9182892461720545, -0.38961692708633106, -0.7498287373341168]
[12.5, 9.5, 0.0, 1.0]:[-0.1, -0.5035138607095236, -0.46942138671875006, -0.11250000000000002, -0.07500000000000001, -0.11875, -0.1]
[13.0, 8.5, 0.0, 1.0]:[-0.37955932617187504, -0.8468213677406311, -0.5035888671875001, -0.5783470153808594, -0.7214441299438478, -0.6671822210773826, -0.3873046875]
[12.5, 8.5, 0.0, 1.0]:[-0.125, -0.1, -0.41806640625, -0.5945684533886378, -0.08750000000000001, -0.1, -0.5531113139250422]
[12.0, 8.5, 0.0, 1.0]:[-0.5884050369262694, -0.45742849707603456, -0.15000000000000002, -0.485205078125, -0.29375000000000007, -0.37688293457031247, -0.5962471336126328]
[11.5, 11.5, 0.0, 1.0]:[-0.1, -0.7683247358375163, -0.05, -0.15000000000000002, -0.07500000000000001, -0.07500000000000001, -0.5463412125047653]
[12.5, 10.5, 0.0, 1.0]:[-0.2368980407714844, -0.11250000000000002, -0.908707462030466, -0.7208900843122459, -0.18064804077148436, -0.3346585273742676, -0.691549275529262]
[12.5, 10.0, 0.0, 1.0]:[-0.15000000000000002, -0.1, -0.5259162185915952, -0.07500000000000001, -0.2305908203125, -0.08750000000000001, -0.05]
[13.5, 9.0, 0.0, 1.0]:[-0.5599426269531249, -0.2529296875, -0.20927734375, -0.309228515625, -0.25117187500000004, -0.22265625, -0.27059173583984375]
[12.0, 9.5, 0.0, 1.0]:[-0.11250000000000002, -0.6260278566702696, -0.1, -0.125, -0.56732177734375, -0.1, -0.1]
[12.0, 9.0, 0.0, 1.0]:[-0.1375, -0.1, -0.19375000000000003, -0.11250000000000002, -0.166015625, -0.16562500000000002, -0.09375]
[12.0, 10.0, 0.0, 1.0]:[-0.1, -0.11250000000000002, -0.4078552823513747, -0.2125, -0.07500000000000001, -0.6714813884984246, -0.1]
[14.5, 8.5, 0.0, 0.0]:[-1.0289042930249708, -1.04459212608137, -0.8704389838191517, -1.1076655532824333, -1.0541341785373348, -1.011457178416174, -1.06693346709861]
[15.0, 8.5, 0.0, 0.0]:[-1.0891861938233998, -1.0409140547999414, -0.8089046540725039, -1.0021055462866932, -1.0518003196262093, -1.003455083732971, -1.015487362448568]
[15.5, 9.0, 0.0, 1.0]:[-0.3484375, -0.43872833251953125, -0.389111328125, -0.4280514061976276, -0.503759765625, -0.366796875, -0.8015299189720154]
[16.0, 10.5, 0.0, 0.0]:[-1.229724398380831, -1.1974845669914693, -1.14504560527885, -1.3422278185900889, -1.1679786985645209, -1.3308370069966338, -1.183975259327097]
[16.0, 11.0, 0.0, 0.0]:[-1.2916410724373846, -1.3996695744442542, -0.7368943125917766, -1.3654615254674818, -1.1985573986865508, -1.2708439790050556, -1.2576113784013148]
[15.0, 9.5, 0.0, 0.0]:[-0.9641880371836968, -1.098213371293689, -1.0369201177019143, -1.0546504938934427, -1.099851488335076, -1.0939649036780812, -1.0493237188358466]
[10.5, 10.5, 0.0, 1.0]:[-0.05, 0.0, 0.0, 0.0, -0.05, 0.0, -0.05]
[15.0, 11.0, 0.0, 1.0]:[-0.42003458382974157, -0.32529061540224125, -0.8082312387102087, -0.4387476491639534, -0.27187500000000003, -0.43696052618509784, -0.7732030670578323]
[12.0, 10.5, 0.0, 1.0]:[-0.39189906770843663, -0.6349131691689339, -0.7320485545391404, -0.14375, -0.1, -0.1, -0.1921875]
[14.0, 9.5, 0.0, 0.0]:[-0.9998708445118661, -0.8490394788674235, -0.9607875604150703, -0.971628725686886, -0.9988910782944134, -0.9525123204383216, -1.022270940713795]
[14.5, 9.5, 0.0, 1.0]:[-0.29921875000000003, -0.25, -0.6010242125048936, -0.283984375, -0.3046875, -0.5722776930464235, -0.38076171875]
[3.0, 11.5, 0.0, 1.0]:[-0.5674487713794616, -0.07500000000000001, -0.08750000000000001, -0.07500000000000001, -0.7476613857769666, -0.7534268057705616, -0.5895521129395264]
[2.5, 11.5, 0.0, 1.0]:[-1.4208120008792577, 0.0, -0.05, -0.07500000000000001, -0.05, -0.05, 0.0]
[2.0, 11.0, 0.0, 1.0]:[0.0, -0.4523361489778964, 0.0, -0.05, 0.0, 0.0, 0.0]
[2.5, 10.5, 0.0, 1.0]:[0.0, -0.5745399019089364, 0.0, -0.15000000000000002, 0.0, 0.0, 0.0]
[13.0, 11.0, 0.0, 1.0]:[-0.128125, -0.6100935020150224, -0.2799716291226787, -0.14687500000000003, -0.165625, -0.16874999999999998, -0.16727953553199768]
[15.0, 9.0, 0.0, 0.0]:[-1.0215840526233286, -1.0085248869436327, -1.0623599595661237, -1.092985323843715, -1.0537587000298798, -1.0635737842783437, -1.0606376187748405]
[15.5, 9.0, 0.0, 0.0]:[-1.0494187317689465, -0.5397179534570569, -1.013728860864145, -1.0297852912054615, -1.0678500844686103, -1.065997230161364, -1.0847665920302076]
[16.0, 8.5, 0.0, 0.0]:[-1.019328149541252, -1.0385840613517037, -1.0736160839204052, -1.0392785628881605, -1.034442036548723, -0.9882562393358305, -1.019497285965628]
[16.0, 8.5, 0.0, 1.0]:[-0.4939006135345836, -0.8815762623402756, -0.5800933837890625, -0.5158203125, -0.6101318359375001, -0.4982112539084528, -0.8158944592046363]
[15.5, 8.5, 0.0, 0.0]:[-1.0172892592480989, -1.0344292145172858, -1.0154368545519645, -1.0022430740884292, -1.0861539900625852, -1.0370141274468145, -1.055914905086368]
[10.5, 8.5, 0.0, 1.0]:[-0.07500000000000001, -0.5252197265624999, 0.0, 0.0, 0.0, 0.0, 0.0]
[10.0, 8.5, 0.0, 1.0]:[-0.6841194796392599, 0.0, -0.4167388916015625, -0.17500000000000002, -0.1, 0.0, 0.0]
[16.0, 9.0, 0.0, 0.0]:[-1.1952833570784076, -1.1554846001346548, -1.0978943199283746, -1.1787205391254134, -1.1583606949133447, -1.1357472430438067, -1.160984386525668]
[16.0, 9.0, 0.0, 1.0]:[-0.4794824900036346, -0.5660952406088087, -0.756510058478741, -0.7019876284048228, -0.45640456274266394, -0.6526636806083976, -0.7306971731409636]
[15.0, 9.5, 0.0, 1.0]:[-0.6069338593487305, -0.5050961665110664, -0.538457034842537, -0.3094679200490646, -0.7515756824548185, -0.24433593750000002, -0.6634043543192092]
[15.5, 11.0, 0.0, 0.0]:[-1.4553666910958638, -1.3696213177884933, -1.3085964184287429, -1.4454913884152227, -1.327146053410313, -1.3752551321294328, -1.422138590662835]
[15.0, 10.0, 0.0, 1.0]:[-0.579682867232441, -0.43009837613866275, -0.4778705275151879, -0.4234086320855379, -0.332763671875, -0.2716651134192944, -0.7417067182659094]
[15.5, 10.0, 0.0, 1.0]:[-0.7996254452640206, -0.3162991213481291, -0.6970100314821882, -0.21171875, -0.34494143265287114, -0.731274476941716, -0.2462890625]
[10.0, 9.5, 0.0, 1.0]:[-0.17500000000000002, -0.05, -0.05, -0.325, -0.6477801359942237, 0.0, -0.5954938912764192]
[9.5, 9.0, 0.0, 1.0]:[-0.3671875, 0.0, 0.0, 0.0, -0.15000000000000002, 0.0, 0.0]
[14.5, 9.0, 0.0, 1.0]:[-0.6303172863728892, -0.6487975860891384, -0.5175964355468751, -0.5006913643449116, -0.4398193359375, -0.6041015625, -0.3409423828125]
[14.5, 8.5, 0.0, 1.0]:[-0.5956703186035156, -0.37421875000000004, -0.41113281250000006, -0.37705841064453116, -0.4037757873535156, -0.6921654044717823, -0.3456787109375]
[15.0, 8.5, 0.0, 1.0]:[-0.6532711982727051, -0.7278897678539322, -0.6821964263916016, -0.5301321983337403, -0.8157731509886252, -0.6287446712832091, -0.6844931602478028]
[15.5, 8.5, 0.0, 1.0]:[-0.4809326171875, -0.41583234372381384, -0.5016022682189941, -0.7447352049363344, -0.5357105255126954, -0.5003699920052895, -0.7359027545978631]
[15.5, 9.5, 0.0, 1.0]:[-0.6731226932618546, -0.43922894458553796, -0.718824188067282, -0.8011482675057369, -0.6768210372218163, -0.575176912710024, -0.7476855135226159]
[9.5, 11.5, 0.0, 1.0]:[-0.05, -0.48744748331773735, -0.751558169152611, 0.0, 0.0, -0.2494384765625, 0.0]
[10.5, 10.0, 0.0, 1.0]:[-0.05, -0.33565674947171115, -0.5195318143232726, -0.05, -0.05, 0.0, 0.0]
[5.0, 10.0, 0.0, 1.0]:[0.0, 0.0, 0.0, 0.0, -0.05, -0.17500000000000002, 0.0]
[14.0, 8.5, 0.0, 1.0]:[-0.6621994972229004, -0.6620099999010562, -0.6042062042415686, -0.353338623046875, -0.6236511230468751, -0.3766845703125, -0.3010498046875]
[15.0, 9.0, 0.0, 1.0]:[-0.7051093917163599, -0.28437500000000004, -0.22812500000000002, -0.28515625, -0.27017822265625, -0.3837549140681177, -0.46062505926737896]
[13.5, 11.0, 0.0, 1.0]:[-0.6648165530240133, -0.6092328067269417, -0.6279066233495669, -0.253680020570755, -0.23847656250000002, -0.28302757680212387, -0.18320312500000002]
[2.0, 11.5, 0.0, 1.0]:[-0.05, -0.05, -0.05, -0.05, 0.0, 0.0, 0.0]
[1.5, 11.5, 0.0, 1.0]:[-0.8317140736854146, 0.0, 0.0, 0.0, 0.0, 0.0, -0.05]
[1.0, 11.5, 0.0, 1.0]:[0.0, 0.0, 0.0, 0.0, -0.05, 0.0, 0.0]
[0.5, 11.0, 0.0, 1.0]:[0.0, 0.0, 0.0, 0.0, -0.05, 0.0, 0.0]
[0.0, 10.5, 0.0, 1.0]:[-0.05, 0.0, 0.0, 0.0, 0.0, 0.0, 0.0]
[0.0, 10.0, 0.0, 1.0]:[-0.669840683626438, 0.0, 0.0, 0.0, 0.0, 0.0, -0.05]
[0.0, 9.5, 0.0, 1.0]:[0.0, -0.26835937500000007, 0.0, 0.0, 0.0, 0.0, 0.0]
[11.5, 8.5, 0.0, 1.0]:[-0.05, -0.05, -0.07500000000000001, -0.1875, -0.4877598520368338, -0.08750000000000001, -0.05]
[11.0, 8.5, 0.0, 1.0]:[-0.7049377932606149, -0.5055904388427734, -0.05, -0.23125000000000004, -0.262408447265625, -0.6282932755384535, -0.05]
[11.5, 9.5, 0.0, 1.0]:[-0.07500000000000001, -0.07500000000000001, -0.07500000000000001, -0.11250000000000002, -0.6475787312426369, -0.07500000000000001, -0.05]
[11.5, 9.0, 0.0, 1.0]:[-0.1625, -0.1, -0.2953125, -0.4691196873784066, -0.07500000000000001, -0.25, -0.5084938105748733]
[7.5, 10.0, 0.0, 1.0]:[0.0, 0.0, 0.0, 0.0, 0.0, -0.29871520996093753, 0.0]
[9.5, 11.0, 0.0, 1.0]:[-0.05, -0.6709914118728993, -0.05, -0.9271761794298069, 0.0, 0.0, -0.7186723792526809]
[9.5, 10.0, 0.0, 1.0]:[0.0, 0.0, 0.0, -0.24375000000000002, 0.0, 0.0, 0.0]
[4.5, 11.5, 0.0, 1.0]:[-0.05, -0.9464276464807823, 0.0, 0.0, 0.0, 0.0, -0.5532659790146568]
[11.5, 10.0, 0.0, 1.0]:[-0.05, -0.05, -0.05, -0.08750000000000001, -0.07500000000000001, -0.07500000000000001, 0.0]
[10.0, 11.0, 0.0, 1.0]:[-0.05, -0.5178389194342572, -0.05, -0.5238008861040649, 0.0, -0.05, 0.0]
[3.0, 11.0, 0.0, 1.0]:[0.0, -0.05, 0.0, 0.0, -0.05, 0.0, 0.0]
[3.5, 11.5, 0.0, 1.0]:[-0.6005026057016462, -0.05, -0.07500000000000001, -0.5898120422282114, 0.0, 0.0, -0.5775150594114837]
[11.5, 11.0, 0.0, 1.0]:[-0.05, -0.05, -0.07500000000000001, -0.07500000000000001, -0.05, 0.0, 0.0]
[10.0, 10.0, 0.0, 1.0]:[0.0, 0.0, -0.05, 0.0, 0.0, -0.33710937500000004, 0.0]
[10.5, 11.0, 0.0, 1.0]:[-0.3888138425880855, -0.05, -0.05, -0.08750000000000001, 0.0, 0.0, 0.0]
[5.5, 11.0, 0.0, 1.0]:[-0.05, 0.0, -0.6344788958792025, 0.0, 0.0, 0.0, 0.0]
[11.0, 9.0, 0.0, 1.0]:[-0.4304809570312501, -0.5842074394226074, -0.05, -0.08750000000000001, -0.05, -0.05, -0.05]
[3.0, 10.5, 0.0, 1.0]:[-0.44185164612635075, 0.0, 0.0, 0.0, 0.0, 0.0, 0.0]
[3.0, 9.5, 0.0, 1.0]:[0.0, -0.05, 0.0, 0.0, 0.0, 0.0, 0.0]
[3.0, 9.0, 0.0, 1.0]:[0.0, 0.0, 0.0, 0.0, 0.0, -0.3739137142381863, 0.0]
[6.5, 8.5, 0.0, 1.0]:[-0.05, 0.0, 0.0, 0.0, 0.0, 0.0, 0.0]
[7.0, 8.5, 0.0, 1.0]:[0.0, 0.0, 0.0, -0.7330128327012062, 0.0, 0.0, 0.0]
[8.0, 8.5, 0.0, 1.0]:[-0.05, 0.0, 0.0, 0.0, -0.4113616943359375, 0.0, 0.0]
[1.5, 11.0, 0.0, 1.0]:[-0.05, 0.0, 0.0, 0.0, 0.0, 0.0, 0.0]
[1.0, 10.5, 0.0, 1.0]:[-0.05, -0.7599833129367534, 0.0, 0.0, 0.0, 0.0, 0.0]
[9.5, 9.5, 0.0, 1.0]:[-0.43454980850219727, 0.0, 0.0, 0.0, 0.0, 0.0, 0.0]
[9.0, 11.5, 0.0, 1.0]:[-0.05, 0.0, -0.05, 0.0, 0.0, 0.0, 0.0]
[8.0, 11.5, 0.0, 1.0]:[-0.05, 0.0, 0.0, 0.0, 0.0, 0.0, 0.0]
[7.5, 11.5, 0.0, 1.0]:[-0.05, 0.0, 0.0, 0.0, 0.0, 0.0, 0.0]
[7.0, 11.5, 0.0, 1.0]:[0.0, 0.0, -0.05, 0.0, 0.0, 0.0, 0.0]
[6.5, 11.5, 0.0, 1.0]:[-0.05, 0.0, 0.0, 0.0, 0.0, 0.0, 0.0]
[6.0, 11.5, 0.0, 1.0]:[-0.05, -0.9831767781329829, 0.0, 0.0, 0.0, 0.0, 0.0]
[5.5, 11.5, 0.0, 1.0]:[-0.05, -0.05, -0.05, 0.0, 0.0, -0.9657690464856218, -0.05]
[5.0, 11.5, 0.0, 1.0]:[-0.05, -0.05, -0.05, -1.044887290377854, 0.0, 0.0, 0.0]
[4.0, 11.5, 0.0, 1.0]:[-0.9644318065048142, 0.0, 0.0, 0.0, 0.0, 0.0, -0.05]
[4.5, 10.5, 0.0, 1.0]:[-0.05, -0.05, 0.0, 0.0, -0.05, -0.734342007064478, 0.0]
[6.0, 10.0, 0.0, 1.0]:[0.0, -0.05, 0.0, 0.0, 0.0, 0.0, 0.0]
[6.0, 9.5, 0.0, 1.0]:[0.0, 0.0, 0.0, -0.05, 0.0, 0.0, -0.6207391142612323]
[6.5, 9.5, 0.0, 1.0]:[-0.05, -0.05, -0.5213640753933998, 0.0, 0.0, -0.05, 0.0]
[7.0, 9.0, 0.0, 1.0]:[-0.05, 0.0, 0.0, 0.0, 0.0, 0.0, 0.0]
[7.5, 9.0, 0.0, 1.0]:[0.0, 0.0, 0.0, 0.0, 0.0, 0.0, 0.0]
[4.0, 11.0, 0.0, 1.0]:[-0.8764164986696751, -0.05, 0.0, 0.0, 0.0, 0.0, 0.0]
[5.5, 9.5, 0.0, 1.0]:[0.0, 0.0, 0.0, 0.0, 0.0, 0.0, -0.05]
[4.0, 10.5, 0.0, 1.0]:[-0.9532406182217857, 0.0, 0.0, 0.0, 0.0, 0.0, 0.0]
[6.0, 10.5, 0.0, 1.0]:[-0.05, 0.0, 0.0, 0.0, 0.0, 0.0, 0.0]
[6.0, 11.0, 0.0, 1.0]:[-0.05, 0.0, 0.0, 0.0, 0.0, 0.0, 0.0]
[8.5, 8.5, 0.0, 1.0]:[-0.05, -0.05, -0.05, 0.0, 0.0, 0.0, 0.0]
[5.0, 11.0, 0.0, 1.0]:[0.0, 0.0, 0.0, 0.0, -0.05, 0.0, 0.0]
[4.0, 10.0, 0.0, 1.0]:[-1.0814491654594613, 0.0, 0.0, 0.0, 0.0, 0.0, 0.0]
[1.5, 10.0, 0.0, 1.0]:[-0.8950583675833785, 0.0, 0.0, 0.0, 0.0, 0.0, 0.0]
[4.5, 10.0, 0.0, 1.0]:[-0.8259864450833502, 0.0, 0.0, 0.0, 0.0, 0.0, 0.0]
[14.5, 8.0, 0.0, 0.0]:[-0.1, 0.0, 0.0, 0.0, 0.0, 0.0, 0.0]
[14.0, 8.0, 0.0, 0.0]:[-0.1, 0.0, 0.0, 0.0, 0.0, 0.0, 0.0]
[13.5, 8.0, 0.0, 0.0]:[-0.6516610200425415, 0.0, 0.0, 0.0, 0.0, 0.0, 0.0]
