[3.0, 11.5, 0.0, 0.0]:[-2.354902749168884, -2.3278855877539413, -2.3654918570691486, -2.3411243775357176, -2.31829464903259, -2.334725479184849, -2.359120893341871]
[3.0, 11.0, 0.0, 0.0]:[-2.3343033285277754, -2.2816007330178234, -2.2207116558455633, -2.230134473700467, -2.2844625176274462, -2.254712113034184, -2.185297377604036]
[3.0, 10.5, 0.0, 0.0]:[-2.1612865836653707, -2.007510876659115, -2.0875664510363947, -1.9690535567910747, -2.1887848114173902, -2.096482073453423, -1.9986956634127773]
[2.5, 10.5, 0.0, 0.0]:[-1.9963842911955316, -1.966334596215188, -2.0720939357103574, -2.1526432458750033, -2.0545450127206775, -1.9967793655032173, -2.005767831262678]
[2.5, 10.0, 0.0, 0.0]:[-2.030649531193216, -1.930896950875048, -1.8712913894730825, -2.0374892607522623, -1.860368744103952, -1.8627026797596393, -1.9843187446554946]
[2.5, 9.5, 0.0, 0.0]:[-2.1151967127681375, -1.921297663835602, -1.911889564504358, -1.8306439191942396, -1.8341549021118229, -1.864570604835801, -1.889627117552402]
[3.5, 11.5, 0.0, 0.0]:[-2.3408678519240507, -2.238480882989314, -2.244670056946333, -2.1887213380609216, -2.21331044428065, -2.2626577822389162, -2.1944218519758425]
[4.0, 11.5, 0.0, 0.0]:[-2.128719661515186, -2.0472386641147087, -2.0857118152815253, -2.082420276695812, -2.0236562548453376, -2.1522373425181875, -2.1717763243070163]
[4.5, 11.5, 0.0, 0.0]:[-2.0982787775423244, -2.08260949305816, -2.092839892159492, -2.1231006198458404, -2.0592791352960638, -2.0627229548385406, -2.1092581855052144]
[2.5, 11.0, 0.0, 0.0]:[-2.055145711811166, -2.1625051558062856, -2.069747325935782, -2.076371822009021, -2.0586849117444705, -2.142897107188356, -2.1025597014254167]
[2.5, 11.5, 0.0, 0.0]:[-2.359567598231263, -2.2716960120311995, -2.2833867021106244, -2.3702366077873416, -2.260353810814873, -2.2475700074235245, -2.2746381008016368]
[3.5, 11.0, 0.0, 0.0]:[-2.0844057703159775, -2.0115190713508033, -1.997184128327387, -2.0423246517947327, -2.035456467025082, -2.136207300252968, -2.091397076295633]
[3.5, 10.5, 0.0, 0.0]:[-1.902466603213271, -1.9182540996629966, -1.9819313237272174, -1.8915955350842237, -2.112179910406312, -2.0090562945644215, -1.9051515391774494]
[2.0, 11.5, 0.0, 0.0]:[-2.284347552858889, -2.253917717837965, -2.325419338132079, -2.3076933687029744, -2.257885414933943, -2.281211880009887, -2.255610041879167]
[1.5, 11.5, 0.0, 0.0]:[-2.2725901888146405, -2.2851141208873402, -2.2709430647116617, -2.333386866291964, -2.32492725127924, -2.293115221471798, -2.2493250356860153]
[1.5, 11.0, 0.0, 0.0]:[-2.170249450444207, -2.1615087571452114, -2.2110357406412318, -2.2533829457482137, -2.1483905438146276, -2.1629420734893063, -2.149455347672132]
[2.0, 10.5, 0.0, 0.0]:[-2.0961057828788916, -1.997565905386647, -1.960550006272042, -1.9944073627274856, -1.979425929492743, -2.0562311322524724, -1.995031844989651]
[2.0, 10.0, 0.0, 0.0]:[-1.973892378075053, -1.896713559571837, -1.9338369736170338, -1.9143076423122611, -1.88072537535417, -1.885901760056948, -1.8666992637802058]
[2.0, 9.5, 0.0, 0.0]:[-1.7504616263508597, -1.7034652167626851, -1.8189732263476404, -1.7363343989146034, -1.7696417412308878, -1.8560178196889303, -1.8710891595130594]
[2.0, 11.0, 0.0, 0.0]:[-2.0263820471669316, -2.0524411294597966, -2.0350043644539246, -2.0353309621198696, -2.0194901659464093, -2.1233946732498357, -2.180386301263194]
[1.5, 10.5, 0.0, 0.0]:[-2.030772030494669, -1.9508901428991763, -2.0960849877902814, -1.9759302750815972, -2.0470027766728003, -2.109902071050453, -1.958876529346652]
[1.0, 10.5, 0.0, 0.0]:[-2.0399414209427063, -2.025643364421956, -2.2059285974787275, -2.197760539563356, -2.018798209242675, -1.9826001324140017, -2.1790699389367596]
[0.0, 11.0, 0.0, 0.0]:[-2.2623945512465187, -2.3228923244842767, -2.231786296901412, -2.3074471058721597, -2.219645673887528, -2.343464894579763, -2.2401867830801345]
[0.0, 11.5, 0.0, 0.0]:[-2.3570495018541338, -2.3604075171671086, -2.4035778225019118, -2.4208192125335963, -2.3626631362960335, -2.399102379555091, -2.381836451771698]
[0.0, 10.5, 0.0, 0.0]:[-2.3225790269021194, -2.214306817679213, -2.1491398797462824, -2.133924316798682, -2.2114798759281085, -2.2128208131403295, -2.114052577702088]
[0.0, 10.0, 0.0, 0.0]:[-2.0332109747751366, -2.011652007231796, -2.102297868559863, -1.986848876647752, -2.0701573614334587, -2.0803313775259458, -2.030515098325998]
[0.5, 9.5, 0.0, 0.0]:[-1.7615552088734856, -1.7508898233544374, -1.9327027020947505, -1.8399937599254357, -1.7975561058878078, -1.8473606257297046, -1.8099553606926686]
[1.0, 9.5, 0.0, 0.0]:[-1.8318497129536357, -1.8457100213944546, -1.8870552120549344, -1.778925079622295, -1.7682083393165726, -1.8449071911717274, -1.8600472412136089]
[3.0, 9.5, 0.0, 0.0]:[-1.9109907878686385, -1.8225617144828377, -1.8427239931887671, -1.8218470161601203, -1.8029550998517117, -1.8060500142246734, -1.9236265110434259]
[3.5, 9.0, 0.0, 0.0]:[-1.6465968818010996, -1.6987254894381425, -1.6751462318526107, -1.645782742649493, -1.6509447023077075, -1.6055584720880751, -1.622482993115156]
[4.0, 9.0, 0.0, 0.0]:[-1.6159195959366373, -1.5892609162908635, -1.6527610383486961, -1.5577759431752973, -1.6298696958402359, -1.6535607776365184, -1.690240821710435]
[3.5, 8.5, 0.0, 0.0]:[-2.037565525820631, -1.7351217978893403, -1.6896899224813673, -1.7050394839466092, -1.7064732081822322, -1.7380138427937588, -1.7381197099764916]
[4.0, 10.5, 0.0, 0.0]:[-1.9516672613664436, -1.868391152687717, -1.941971760590869, -1.858742736029798, -1.8371165976496937, -1.9566669542946897, -1.9140547514834376]
[4.0, 11.0, 0.0, 0.0]:[-1.917346780525179, -1.8430598845755868, -1.9338664566858963, -1.810598786144921, -1.9295110182674127, -2.0958115418848458, -1.901781306751348]
[4.5, 10.5, 0.0, 0.0]:[-1.8302904570456389, -1.934263509131494, -1.8031886829429884, -1.8187493966209658, -1.8396232556514298, -1.7744663152186768, -1.7677262505183473]
[5.0, 10.0, 0.0, 0.0]:[-1.681564223332649, -1.570096076183991, -1.6022295554150192, -1.6395961754290467, -1.6449781386808588, -1.5775696014167155, -1.6285907024836792]
[5.0, 9.5, 0.0, 0.0]:[-1.5353612005774018, -1.395741922726487, -1.4900565517916653, -1.5264151920339168, -1.4754955655299784, -1.4201471148851699, -1.4075139872856113]
[5.0, 10.5, 0.0, 0.0]:[-1.8604432104697455, -1.6956693564209155, -1.7141875704949303, -1.6849590439598083, -1.735791727778607, -1.8327793174321023, -1.6956436326385034]
[5.5, 11.0, 0.0, 0.0]:[-1.9550494941151935, -1.8051168813003535, -1.857768560118564, -1.8120951631758988, -1.8175680206928289, -1.801649309328609, -1.9386153879454069]
[6.0, 11.5, 0.0, 0.0]:[-2.0262731806582854, -2.012541553224815, -1.949751843654523, -1.9488689887250357, -1.913094951712834, -1.935448286965934, -1.9675431466078264]
[6.5, 11.5, 0.0, 0.0]:[-1.8605805388324435, -1.847401310648086, -1.8743122721947856, -1.8814631446032917, -1.8246640926547966, -1.832516086997622, -1.9253800521883961]
[7.0, 11.5, 0.0, 0.0]:[-1.9152701424393, -1.9061009557530277, -1.9342057702147886, -1.9290461859079342, -1.871814180187961, -1.8814154649524095, -1.89838417941195]
[7.5, 11.5, 0.0, 0.0]:[-1.9627869930932484, -1.9243536278119624, -1.9094716172945847, -1.990375663698995, -1.8801143158864675, -1.8817577276053816, -1.9356677233368127]
[8.0, 11.5, 0.0, 0.0]:[-1.9405593754339774, -1.9364616197726017, -1.9344004612177261, -1.934962587065437, -1.9116904632460199, -1.9195746844125767, -1.9399072314068873]
[9.0, 11.0, 0.0, 0.0]:[-1.8464557352646087, -1.7209668063930526, -1.8672643484701863, -1.8598177077326792, -1.7658633424126462, -1.7807565056665582, -1.7268918836742024]
[8.0, 10.5, 0.0, 0.0]:[-1.7367167262957972, -1.6847275736141176, -1.6948623788821242, -1.7231306560425819, -1.7050774856157813, -1.7547104884091573, -1.8175751808822782]
[7.5, 10.0, 0.0, 0.0]:[-1.485196045473832, -1.4854387409173606, -1.4572585265486264, -1.6019070930767456, -1.4982250023175425, -1.4456081641976284, -1.4540068543518698]
[8.0, 9.5, 0.0, 0.0]:[-1.3520483269593253, -1.4099515050044857, -1.3563063627816319, -1.5277717322904474, -1.3879619837016888, -1.4522034116380413, -1.4530119170494427]
[7.5, 9.0, 0.0, 0.0]:[-1.4055747151374818, -1.4107642641118758, -1.4833140898785286, -1.4864617470427666, -1.4346481672485347, -1.5354353714879734, -1.4097975690514373]
[8.0, 9.0, 0.0, 0.0]:[-1.4932522439979523, -1.4571479768870543, -1.499565549957016, -1.4212741290932347, -1.4467617998722744, -1.4134136203708627, -1.520760967702333]
[9.0, 8.5, 0.0, 0.0]:[-1.4989812691941167, -1.474526977539063, -1.5065072430141297, -1.469421834320443, -1.5394226861605387, -1.4790118524240876, -1.51026584242004]
[8.0, 8.5, 0.0, 0.0]:[-1.4061929934322044, -1.4527938008308414, -1.4223072692751884, -1.4472300577872628, -1.4288172837866435, -1.4748268892951546, -1.4165830234530397]
[7.5, 8.5, 0.0, 0.0]:[-1.3116829182690708, -1.4079814413860703, -1.4179022892786817, -1.4065325364470485, -1.4460294127144881, -1.3334286162994566, -1.3502008810462924]
[7.0, 8.5, 0.0, 0.0]:[-1.453898843737261, -1.4945060093201112, -1.4736706149616203, -1.4179799767355683, -1.4511266477406024, -1.46032357580614, -1.4165439961868778]
[6.5, 9.5, 0.0, 0.0]:[-1.4904594252287735, -1.5289747882679645, -1.5687087749846358, -1.5146371190296348, -1.5051589326409847, -1.5694988064544786, -1.6221681497195175]
[6.0, 10.0, 0.0, 0.0]:[-1.6497239851758851, -1.58009134207789, -1.5626465341379234, -1.6130702943771726, -1.61072864778262, -1.6574985383199468, -1.6085695482795623]
[6.0, 10.5, 0.0, 0.0]:[-1.715212987558297, -1.6746482501821252, -1.7216978363849247, -1.7640333464655873, -1.6942013567699314, -1.78802476553169, -1.6794236878845075]
[6.5, 11.0, 0.0, 0.0]:[-1.7840483627981167, -1.8096291103744102, -1.9215856199979187, -1.812769863589888, -1.8103156357187844, -1.8971620992693812, -1.8481806471226068]
[9.0, 10.5, 0.0, 0.0]:[-1.5697146517460108, -1.548790634541151, -1.5427535624238482, -1.5530501507476222, -1.5475643797463818, -1.6392597485730707, -1.6319159814866548]
[9.0, 10.0, 0.0, 0.0]:[-1.591038483747121, -1.4263680734200737, -1.5932940700706468, -1.5248610309111839, -1.4884878615391974, -1.4482543249867446, -1.4146305423678331]
[9.0, 9.0, 0.0, 0.0]:[-1.3352093942881464, -1.3279867017422435, -1.3531218247228844, -1.4220088586874784, -1.371378940727992, -1.3147279067903304, -1.4010102074047626]
[9.5, 9.0, 0.0, 0.0]:[-1.3652527380344601, -1.3443109400149829, -1.4590774482770636, -1.413235832466572, -1.4336901487119724, -1.371925638286352, -1.3926015673322523]
[6.5, 8.5, 0.0, 0.0]:[-1.5706100433440047, -1.5361267685890199, -1.6306818084995442, -1.5468472871574697, -1.5343838012924427, -1.5465605524064165, -1.5663691032967098]
[6.0, 8.5, 0.0, 0.0]:[-1.67876414321363, -1.6739169147828301, -1.5981498384641117, -1.627586605930715, -1.6430189111130722, -1.635329547561645, -1.6000998629350933]
[5.5, 9.5, 0.0, 0.0]:[-1.508530589806429, -1.556931107460985, -1.5827577273401956, -1.5494942796278641, -1.5443786482059543, -1.5457331589820207, -1.5067364420598226]
[3.5, 10.0, 0.0, 0.0]:[-1.9513214566457358, -1.935965712659449, -2.072456482111464, -1.771675768517997, -1.9476039798169251, -1.8477593623242463, -1.7583788286025888]
[1.0, 10.0, 0.0, 0.0]:[-1.8201412297134274, -1.8998725297133794, -1.8622568956874046, -1.8936035286764465, -1.8835347058466756, -1.7374845118634243, -1.7458111847613857]
[0.0, 9.5, 0.0, 0.0]:[-1.917913044632868, -1.9399179883166475, -1.9100872035623109, -1.9059909854810617, -1.9590468389201852, -1.987263475153971, -2.0865146993055186]
[0.0, 9.0, 0.0, 0.0]:[-1.9807541271754256, -1.941911317350323, -1.9042634006112102, -1.9299208477374359, -1.9328355789410825, -1.9371343641709409, -1.911796639683224]
[0.5, 11.5, 0.0, 0.0]:[-2.3633569134874413, -2.3401718785600174, -2.3623926148266587, -2.37423931952622, -2.319136005397466, -2.348763701119789, -2.3494043640969453]
[1.0, 11.5, 0.0, 0.0]:[-2.3146944227709603, -2.3174593865338147, -2.3769887206643485, -2.29660560853754, -2.287721358193825, -2.2739172438862223, -2.330426782764656]
[0.5, 10.5, 0.0, 0.0]:[-1.982618792696599, -2.0417907182637056, -2.0393697176715944, -2.0059897603736814, -1.9791461831103045, -2.1069149656687722, -2.020224562258201]
[0.5, 9.0, 0.0, 0.0]:[-1.9209028453274293, -1.7772328220498186, -1.9191148133022067, -1.8152964276141423, -1.8259752664797957, -1.8497245550593067, -1.8499258431529393]
[0.5, 8.5, 0.0, 0.0]:[-1.916079968465623, -1.88664028774947, -1.842394920422453, -1.8538523160624454, -1.8317796095052237, -1.8952690218724308, -1.8171805168525341]
[1.0, 8.5, 0.0, 0.0]:[-1.8364823518025988, -1.7782448511616074, -1.8219742360136237, -1.799584574454586, -1.8470642539371838, -1.8109263447008987, -1.743780484446416]
[1.5, 8.5, 0.0, 0.0]:[-1.8494834113522605, -1.851275931453423, -1.821049235784871, -1.8343574997701808, -1.8207925622020191, -1.8374434854367907, -1.8552907076797456]
[2.0, 9.0, 0.0, 0.0]:[-2.0505519130036483, -1.8022523816369747, -1.703409097345014, -1.7848318247991402, -1.7752806553784088, -1.8506497558409594, -1.7069314403638698]
[1.0, 11.0, 0.0, 0.0]:[-2.109159840207176, -2.128023176990882, -2.1100409739585455, -2.187044683027584, -2.1407719410848896, -2.209431796490529, -2.223021425792598]
[2.5, 9.0, 0.0, 0.0]:[-1.8041730397462152, -1.750995845184793, -1.8099244463746915, -1.7873697304572982, -1.8627660582079222, -1.7599457198095618, -1.8180455593415048]
[3.0, 10.0, 0.0, 0.0]:[-2.0201578668958198, -2.114877405770568, -1.9099500857176495, -1.9133693566901244, -1.9985935052111041, -1.9124984235261584, -1.901310251612216]
[5.0, 11.5, 0.0, 0.0]:[-2.1114480738187504, -2.0177000203088604, -2.025739069905045, -2.0298996960169884, -1.989772998900165, -2.040896687892753, -1.992726550289298]
[5.5, 11.5, 0.0, 0.0]:[-2.073720929106794, -2.119391908049777, -2.067637405384157, -2.0650589882264265, -2.037270004806965, -2.0433033031258305, -2.035048184584554]
[4.5, 10.0, 0.0, 0.0]:[-1.5879965455583127, -1.5830032970126973, -1.6261577103119262, -1.5102602921455301, -1.5452970953523666, -1.703798153429577, -1.5291609516328752]
[4.0, 9.5, 0.0, 0.0]:[-1.8495483141920648, -1.6270618413168272, -1.6397004816495904, -1.6752419685907742, -1.7095474587756847, -1.6704695085039178, -1.7573663821119498]
[3.5, 9.5, 0.0, 0.0]:[-1.6554811458371517, -1.7726779393236756, -1.6709681716544833, -1.704142004971041, -1.8282610060439848, -1.7444954925425762, -1.656351969707739]
[3.0, 9.0, 0.0, 0.0]:[-1.74680583197813, -1.7211859604396489, -1.805385208251192, -1.7510831651232626, -1.7853132159602092, -1.8374684668742813, -1.7874100889098807]
[1.5, 9.0, 0.0, 0.0]:[-1.8184682490130109, -1.785417907340328, -1.8316966367394127, -1.8143191851153095, -1.8097765275719404, -1.7522022744103163, -1.8181099858997163]
[2.5, 8.5, 0.0, 0.0]:[-2.0947463420859767, -1.799861120407174, -1.8397959737654452, -1.7615880203884258, -1.7265046502876036, -1.7796391135658634, -1.7112452247525138]
[2.0, 8.5, 0.0, 0.0]:[-1.8508688193934075, -1.8192359924316412, -1.7897958363470434, -1.8298122108228259, -1.7823567640983748, -1.8617565209784757, -1.8124113863983138]
[1.0, 9.0, 0.0, 0.0]:[-1.8745614276464737, -1.8602609320189063, -1.8452096373975695, -1.8351599274046504, -1.7904052535213135, -1.845826030045938, -1.9279280404980574]
[0.0, 8.5, 0.0, 0.0]:[-1.9994786175899213, -1.9730927439764905, -1.9552093660804122, -1.942296030904679, -2.0273225752502073, -1.9630660575071175, -1.9828358125758845]
[0.5, 10.0, 0.0, 0.0]:[-1.861248277569336, -1.821442542940138, -1.862518738898129, -1.9684893699925214, -2.034836064451855, -1.8744921250305846, -1.8069417817586624]
[4.5, 11.0, 0.0, 0.0]:[-1.8552654434970797, -1.863269604508747, -1.8645445525824043, -1.8433150778239482, -1.921559175266939, -1.8905747593221884, -1.8976694544936246]
[5.5, 10.0, 0.0, 0.0]:[-1.5689507636229993, -1.6304865657827095, -1.5542772935612557, -1.5549588283785107, -1.582390537391554, -1.5201351691852807, -1.588920669350915]
[4.5, 9.5, 0.0, 0.0]:[-1.5677582986372829, -1.585428425572399, -1.5321963906627039, -1.5501565471122167, -1.6532924563931815, -1.6186447588162078, -1.6232879004744998]
[5.5, 9.0, 0.0, 0.0]:[-1.4808497340027895, -1.5713614157332558, -1.530927495007547, -1.5387233322613312, -1.5241339491430534, -1.5576866134705447, -1.4738255413792771]
[5.5, 8.5, 0.0, 0.0]:[-1.555377020592857, -1.628879356384278, -1.6147260461248236, -1.6568070881300123, -1.5658932085164676, -1.5433381557683843, -1.6241016097699035]
[5.0, 8.5, 0.0, 0.0]:[-1.5780844519875559, -1.5952733978629112, -1.5987080197750916, -1.6259761676890854, -1.5895654281461176, -1.542969706032566, -1.584476491108003]
[4.5, 8.5, 0.0, 0.0]:[-1.6353831436495554, -1.5998768539479902, -1.646303751723024, -1.6315156581517645, -1.6495170592796056, -1.5911223203892633, -1.6053987655248703]
[5.0, 9.0, 0.0, 0.0]:[-1.522967322638042, -1.5619409628848344, -1.5131682366894588, -1.5598492085553626, -1.575856266767305, -1.5046100787265382, -1.5431123504106088]
[6.0, 9.0, 0.0, 0.0]:[-1.4951300074461913, -1.5802782525454127, -1.54153172450249, -1.5523087200766832, -1.5315652395789972, -1.5120044285295027, -1.5300215970160589]
[6.5, 10.5, 0.0, 0.0]:[-1.7005346785474695, -1.8223923233484949, -1.7092719013560362, -1.7323874678794606, -1.7199828157865693, -1.7046880067823948, -1.6929356467414016]
[7.0, 11.0, 0.0, 0.0]:[-1.6329817165131664, -1.6913917064118231, -1.706644556187376, -1.7165977412851108, -1.7497279972071809, -1.8493886485180078, -1.690934564472827]
[7.5, 11.0, 0.0, 0.0]:[-1.6240825761283992, -1.807878770773451, -1.6385050368313392, -1.6392149217014937, -1.6534123296777157, -1.8073652283705819, -1.782134169155674]
[7.5, 10.5, 0.0, 0.0]:[-1.543798929838422, -1.7387718955275928, -1.4691916428172973, -1.6200018971205252, -1.6951555253342598, -1.5030229908293222, -1.4696414659302381]
[7.0, 10.0, 0.0, 0.0]:[-1.4532259103571965, -1.4513051903077399, -1.6633409564780757, -1.461559403263955, -1.5594415212748212, -1.5776970648045476, -1.558624977818139]
[7.5, 9.5, 0.0, 0.0]:[-1.4008003770275534, -1.4256289034145189, -1.4950421460839016, -1.3914405587865117, -1.4628097123216088, -1.3615737548886655, -1.4453431526043539]
[8.5, 9.0, 0.0, 0.0]:[-1.32549030945387, -1.244129257695481, -1.28631194511244, -1.3345755518130944, -1.3290961099799636, -1.3329256844192878, -1.2346730610173835]
[10.0, 9.0, 0.0, 0.0]:[-1.4246223883753868, -1.3044521422725182, -1.3968332108215908, -1.403604365392626, -1.3287283915375157, -1.3999937015603996, -1.3461438763845188]
[9.5, 9.5, 0.0, 0.0]:[-1.3436985134614796, -1.3623723189210493, -1.420684376642158, -1.3880745513271409, -1.4676565955037446, -1.3913762408314163, -1.37079018761216]
[6.0, 11.0, 0.0, 0.0]:[-1.7155574666480606, -1.7843776676195229, -1.7869816518096338, -1.7553581902792277, -1.7764768060529588, -1.765280773392798, -1.931094216055984]
[5.5, 10.5, 0.0, 0.0]:[-1.6213658805757234, -1.7780934322322404, -1.6559588416327462, -1.5955128885564687, -1.7769967454567892, -1.6862629027525853, -1.7080372156917951]
[4.0, 8.5, 0.0, 0.0]:[-1.8179503691169603, -1.6446357727050782, -1.6654689062165997, -1.5700666720558725, -1.6452150782705095, -1.6617951405565412, -1.580882908968889]
[5.0, 11.0, 0.0, 0.0]:[-1.9736080240213258, -1.951028091635762, -1.8558697544209024, -1.7714376515004395, -1.935855462107182, -2.030096781210397, -1.880733920685714]
[4.0, 10.0, 0.0, 0.0]:[-2.138625400404985, -1.7745722678589173, -1.6369979740609657, -1.7522913250180285, -1.6870268120897731, -1.677808144362087, -1.7440821693085937]
[6.5, 9.0, 0.0, 0.0]:[-1.5313944439546452, -1.4890178299466466, -1.6048416105184495, -1.4671622242329079, -1.5562851882495612, -1.5132551493159976, -1.5496810533874554]
[7.0, 9.0, 0.0, 0.0]:[-1.4594512113832017, -1.4529266415513948, -1.514767664947652, -1.4412586180474234, -1.4898841393222502, -1.5073013959711163, -1.4403094457259877]
[8.5, 10.0, 0.0, 0.0]:[-1.4365831479255688, -1.3144028779857404, -1.511572410290422, -1.3636315860673296, -1.3885184593712205, -1.486027284959516, -1.5693026476063903]
[9.0, 11.5, 0.0, 0.0]:[-1.8886791072701188, -1.8877170996919235, -1.8378886556559615, -1.908717817660078, -1.8568253781268709, -1.9338458483990781, -1.9057157057500795]
[9.5, 11.5, 0.0, 0.0]:[-1.9168547605362476, -1.9262714743262563, -1.8800884048107456, -1.8885809481259668, -1.8536281536453374, -1.9103789521075663, -1.8594081214599338]
[8.5, 11.5, 0.0, 0.0]:[-1.8775175117673446, -1.9119056445179985, -1.908280967631634, -1.8728372367623036, -1.8743018845217732, -1.8845562865827397, -1.9119929502740414]
[8.0, 11.0, 0.0, 0.0]:[-1.8044705787562454, -1.8039671483176591, -1.9127226642392816, -1.7782683345911452, -1.8068744816615272, -1.884820358692747, -1.8652449584623434]
[10.0, 11.5, 0.0, 0.0]:[-1.874597626009715, -1.8472341557223455, -1.8295064066870976, -1.8192200539882024, -1.8186003471078758, -1.92646625949667, -1.85018573828324]
[10.5, 11.5, 0.0, 0.0]:[-1.7465484549527042, -1.7572389598397278, -1.8474759514723271, -1.7232677560050442, -1.7599636725658505, -1.758719697344652, -1.7841590157591871]
[9.5, 11.0, 0.0, 0.0]:[-1.705000674551711, -1.7230943745178124, -1.6272915979195188, -1.6140470878796442, -1.623917788882765, -1.7778826594504222, -1.6433249704788264]
[10.0, 10.5, 0.0, 0.0]:[-1.5569987225011612, -1.5274548295818438, -1.5035855174422266, -1.5154789093124135, -1.5609746923354906, -1.5588604755136553, -1.59258776488841]
[10.5, 10.0, 0.0, 0.0]:[-1.4602371509344891, -1.3283840369070374, -1.3515105582815288, -1.3705285393069198, -1.4360039470414803, -1.3683376900623272, -1.354610634371443]
[10.5, 9.5, 0.0, 0.0]:[-1.3492767201221918, -1.2609655495162615, -1.3606276070887877, -1.2389864351169417, -1.321745151601801, -1.2430486115545423, -1.313857330342099]
[10.5, 9.0, 0.0, 0.0]:[-1.2458917335340187, -1.2206814556725956, -1.3430450235995353, -1.1980246402371244, -1.2539426909578482, -1.1907365045903544, -1.2918317646887432]
[11.0, 8.5, 0.0, 0.0]:[-1.4169777564890866, -1.3123229980468754, -1.355119197300736, -1.286843868871149, -1.284056480109575, -1.278626457141403, -1.3500431323423983]
[11.5, 8.5, 0.0, 0.0]:[-1.263644258864224, -1.228366904333234, -1.2687581393052823, -1.227721614069165, -1.240725801004888, -1.2979183326179422, -1.2825563655234875]
[12.0, 8.5, 0.0, 0.0]:[-1.3321971387799274, -1.2703125000000002, -1.2408722178023366, -1.3184357953942913, -1.342463274835719, -1.322013692404135, -1.2865304693061863]
[12.5, 8.5, 0.0, 0.0]:[-1.2781949973340545, -1.1731570122579607, -1.1824949611302666, -1.2766015742570813, -1.2834098831802978, -1.1797609303996808, -1.2245892280553636]
[11.5, 9.0, 0.0, 0.0]:[-1.1932476230544666, -1.234580898284912, -1.2536010571233986, -1.1868851022490758, -1.252918721284999, -1.258280739321901, -1.2806420331588015]
[11.0, 9.5, 0.0, 0.0]:[-1.310306810119755, -1.2946075511622968, -1.3193190707350457, -1.3001838962310894, -1.2976307235024742, -1.3138108559984563, -1.3601950827325209]
[10.5, 11.0, 0.0, 0.0]:[-1.4680992522078111, -1.5593126488888727, -1.5457942263166702, -1.649677189505708, -1.6668414969537073, -1.5401013950927118, -1.5342446183980436]
[11.0, 11.5, 0.0, 0.0]:[-1.7585498888875892, -1.7560537193188162, -1.7689358162522368, -1.699193969432908, -1.6790140517694256, -1.7237973954534533, -1.7223398019171796]
[11.5, 11.5, 0.0, 0.0]:[-1.601410787613681, -1.6710396580548696, -1.6384713882068276, -1.6812637147640532, -1.6470370740036242, -1.6933138827088494, -1.7439284840995546]
[12.0, 11.5, 0.0, 0.0]:[-1.6432471311037027, -1.6050893196703515, -1.6897504288421206, -1.6169890969715643, -1.6191379287026584, -1.6056269358196213, -1.6555959830724518]
[12.5, 11.5, 0.0, 0.0]:[-1.6825748028639445, -1.5828426666299307, -1.5818678201136511, -1.5926369560017548, -1.5625874380057487, -1.5827735135306504, -1.6188675930714291]
[13.0, 11.5, 0.0, 0.0]:[-1.611826247209017, -1.5151368089744301, -1.519376029209698, -1.543641777085412, -1.5186921487006062, -1.5242393125885538, -1.5457439258245604]
[13.5, 11.0, 0.0, 0.0]:[-1.4046768499733635, -1.4138433633493739, -1.4500790498489295, -1.4601918610081608, -1.4825871702768472, -1.391689467652082, -1.414112303008102]
[14.0, 10.5, 0.0, 0.0]:[-1.2673093392261903, -1.4458400449538336, -1.2663797861008539, -1.4328263696815031, -1.334352638475266, -1.2850382026677165, -1.4087558963589726]
[14.5, 10.0, 0.0, 0.0]:[-1.1461923815770003, -1.1290471037179073, -1.2798479576284292, -1.21951632384047, -1.1239012078049928, -1.1219572853485404, -1.1370818966055098]
[14.5, 9.5, 0.0, 0.0]:[-1.0755971697888649, -1.1836473793353373, -1.1706177636117454, -1.109392139063664, -1.096159660658548, -1.135281181104469, -1.1571429237058926]
[15.0, 9.5, 0.0, 0.0]:[-1.0462222147714755, -1.0973162438222457, -1.0862199522809406, -1.0989542413964535, -1.085444682773631, -1.0868688394144996, -1.1518250125674185]
[14.5, 9.0, 0.0, 0.0]:[-1.1489928142274073, -1.0739298555279049, -1.1601831300011967, -1.1074572479862372, -1.060208012136388, -1.0606727977973611, -1.0689190608914942]
[14.0, 9.0, 0.0, 0.0]:[-1.117384907111408, -1.1241369499061609, -1.1560945826389415, -1.1219662132503756, -1.1467644418992278, -1.1349833362106194, -1.1496905022618251]
[14.0, 9.5, 0.0, 0.0]:[-1.0246769237925784, -1.0635268464827177, -1.1716536275644744, -1.0906498233168966, -1.1356141948905312, -1.1894685407644374, -1.157375919289136]
[14.5, 10.5, 0.0, 1.0]:[-0.20937500000000003, -0.18125000000000002, -0.184375, -0.190625, -0.1875, -0.2087890625, -0.29200188629329205]
[15.0, 11.0, 0.0, 1.0]:[-0.29369695420032643, -0.3353122264146805, -0.234375, -0.25234375, -0.529637515190486, -0.771631475668566, -0.26736087799072267]
[16.0, 11.5, 0.0, 1.0]:[-0.6228154230948527, -0.5587628203218629, -0.5296639032661914, -0.7417158672843962, -0.49049669090350734, -0.7353367758124248, -0.7061376977075429]
[16.0, 11.5, 0.0, 0.0]:[-1.4461775637546297, -1.414259115000477, -1.3952656337221883, -1.397418109937715, -1.3881221133239976, -1.1778484131986269, -1.3602675849769668]
[16.0, 11.0, 0.0, 0.0]:[-1.3314372452150205, -1.277511298750266, -1.1881935711614044, -1.1984891668225515, -1.1969537136136934, -1.247611000474942, -1.3266809303043092]
[16.0, 10.5, 0.0, 0.0]:[-1.1418723113012772, -1.1194050299693594, -1.1346859632939874, -1.2100922414151758, -1.1335390481811918, -1.1013674426262097, -1.2621357781113898]
[16.0, 10.0, 0.0, 1.0]:[-0.2509765625, -0.512864170782268, -0.283984375, -0.4875780097776094, -0.272216796875, -0.49530960293228654, -0.234716796875]
[16.0, 9.5, 0.0, 1.0]:[-0.48269052505493165, -0.7415947809815406, -0.6341330651584144, -0.5239705831212433, -0.4968890711665154, -0.6436914973979926, -0.5334648132324219]
[16.0, 9.0, 0.0, 1.0]:[-0.42615613980453093, -0.3993896484375, -0.667372922057416, -0.445159912109375, -0.424951171875, -0.4094649314880371, -0.5155060529708863]
[16.0, 9.0, 0.0, 0.0]:[-1.044850091416963, -1.0489117553457616, -1.0629403950556326, -1.1720586450405883, -1.1083780495018773, -1.0974547514769748, -1.1124327261577704]
[16.0, 8.5, 0.0, 0.0]:[-1.0434432983398436, -1.0500014409422875, -1.0305312734935455, -1.084378923056607, -1.031764816523355, -1.1203580399074253, -1.0917649616204415]
[16.0, 9.5, 0.0, 0.0]:[-1.1882131049698756, -1.151407361763995, -1.1214512675018828, -1.2682605890230332, -1.134369443197618, -1.128238618416416, -1.1481816628859112]
[16.5, 10.0, 0.0, 0.0]:[-1.3368779795381616, -1.2835638832048386, -1.2804120556217464, -1.2662372158411674, -1.3651047504643534, -1.308333299070204, -1.2959141902138067]
[16.5, 10.5, 0.0, 0.0]:[-1.3783010599200143, -1.2149668960333524, -1.2308542283945316, -1.251040115745449, -1.3138613884761643, -1.2739176942750365, -1.2612859816627076]
[16.5, 11.0, 0.0, 0.0]:[-1.4148100115854438, -1.429891161698872, -1.4412211197590943, -1.4544939723941175, -1.3670456647393103, -1.420251637822712, -1.4793607926538148]
[15.5, 11.0, 0.0, 0.0]:[-1.2373164868180222, -1.2703316587330846, -1.275968912403635, -1.2555454375311914, -1.295043871501538, -1.3251989271376874, -1.265366197070522]
[16.5, 11.5, 0.0, 0.0]:[-1.5254890316304253, -1.4584346026544992, -1.4741077515250476, -1.4704021192958918, -1.484956659411774, -1.5358578333491613, -1.5211450441023602]
[15.5, 11.5, 0.0, 0.0]:[-1.3872442514724148, -1.3657328367475374, -1.4024071491188645, -1.3864316437262594, -1.0883419528797678, -1.3599006880616562, -1.3243070513908424]
[15.0, 10.5, 0.0, 0.0]:[-1.2396136727486413, -1.1675064611617463, -1.1799745911969022, -1.289905313025336, -1.1726687068848367, -1.2314733213201934, -1.188219882456934]
[14.5, 10.5, 0.0, 0.0]:[-1.2036134233139837, -1.3081797142577014, -1.2096481798511918, -1.197810824669731, -1.1723832369408282, -1.151694314274187, -1.1592636035129882]
[14.0, 10.0, 0.0, 0.0]:[-1.306185380198311, -1.264317164992094, -1.3188583240726977, -1.2388852001645532, -1.1941138084728622, -1.2009097866810718, -1.2042322879906968]
[15.0, 9.0, 0.0, 0.0]:[-0.9622370487020738, -1.0689375892980024, -1.017645714251046, -1.013787112447135, -1.0495112500511437, -1.1022367157899302, -1.0975623849821357]
[15.0, 8.5, 0.0, 0.0]:[-1.05189091861248, -1.0500498798210174, -1.0888893186757826, -1.0384695220272988, -1.0776983474730515, -0.5433736391714774, -1.0314013194365033]
[15.0, 8.5, 0.0, 1.0]:[-0.37868652343750003, -0.7076571464538575, -0.3890625, -0.52001953125, -0.510040283203125, -0.578639304637909, -0.4216796875]
[15.0, 9.0, 0.0, 1.0]:[-0.5755186833441258, -0.302734375, -0.29560546875, -0.30931243896484373, -0.28496093749999996, -0.5809259097155461, -0.3140625]
[15.0, 9.5, 0.0, 1.0]:[-0.34520263671875007, -0.2564453125, -0.241015625, -0.258203125, -0.30224304199218754, -0.5665202489122748, -0.6608200209457721]
[15.0, 10.0, 0.0, 1.0]:[-0.3555030822753907, -0.6006149651220768, -0.20625000000000002, -0.2616943359375, -0.21328125, -0.30815913081169133, -0.32309494018554685]
[15.5, 10.5, 0.0, 0.0]:[-1.1748948000506034, -1.2660735891359436, -1.1882745377984265, -1.1330538590506705, -1.194695575389589, -1.1221594558601724, -1.154721930981593]
[15.0, 11.0, 0.0, 0.0]:[-1.2215873540168705, -1.264308603676238, -1.374608778227925, -1.208210554141245, -1.2365446469287127, -1.1979993231096417, -1.2882983205730487]
[15.0, 11.5, 0.0, 0.0]:[-1.4194651158177156, -1.4336090899603402, -1.4536748378587148, -1.434346371537584, -1.4055716979069468, -1.4305342994443335, -1.4203143795816562]
[16.5, 11.0, 0.0, 1.0]:[-0.6494392381681542, -0.6663849620633457, -0.8632414133728297, -0.7929057300465803, -0.6205520942405578, -0.6233684804308722, -1.0485359428767413]
[16.5, 10.5, 0.0, 1.0]:[-0.8325487160318308, -1.0457033466301298, -0.536394909886118, -1.0294763948961072, -0.8786486020116024, -0.7025647977096898, -0.9767570575266652]
[16.5, 10.0, 0.0, 1.0]:[-0.9491754992733105, -0.7064356210361165, -0.8231980717733826, -0.8207404536800018, -0.9425178701627488, -0.772077856003307, -0.7476629783078103]
[15.5, 10.0, 0.0, 0.0]:[-1.0109626456068472, -1.0303642827245532, -1.0260181931892314, -1.0785995443193923, -1.015785909832622, -1.1670943810096592, -1.1126083910357765]
[9.0, 9.5, 0.0, 0.0]:[-1.377156491006526, -1.3161921267749541, -1.2979374010756652, -1.448251024895458, -1.3097567294443984, -1.408026644981073, -1.3296068223552928]
[9.5, 10.0, 0.0, 0.0]:[-1.4078387839481818, -1.4140658356674645, -1.4576777409677768, -1.5519983942424909, -1.4389644083914717, -1.4691421975595853, -1.4732441270926555]
[10.0, 11.0, 0.0, 0.0]:[-1.671904712399848, -1.730735092051355, -1.6966862368923983, -1.6157655290118402, -1.6999201833947297, -1.6476319553832988, -1.591444532802281]
[10.5, 8.5, 0.0, 0.0]:[-1.4142696701659592, -1.3736968994140626, -1.4010340589378756, -1.3814000885449378, -1.4878589210820108, -1.3882272566820029, -1.40248386814689]
[11.5, 9.5, 0.0, 0.0]:[-1.2029424861714986, -1.2020804030761956, -1.212419000779993, -1.1802295015689623, -1.2271021694497743, -1.2374664011472594, -1.2061444245476065]
[11.0, 10.0, 0.0, 0.0]:[-1.317707520287116, -1.310642454312311, -1.433783041079931, -1.3214358248715545, -1.363040434986309, -1.4026898584391492, -1.3488660274416495]
[10.5, 10.5, 0.0, 0.0]:[-1.5038841927429105, -1.6545235177110693, -1.5375555976956656, -1.4688717147867125, -1.6563526077222908, -1.5230489153731193, -1.6250441253608714]
[8.0, 10.0, 0.0, 0.0]:[-1.4033279667780223, -1.4757530545584379, -1.4309221914569337, -1.5132518193884699, -1.3973908046545087, -1.5876221071894538, -1.437981090011246]
[9.5, 10.5, 0.0, 0.0]:[-1.6496890647689595, -1.6016376747043437, -1.7584589741559271, -1.6267452570362595, -1.531654801715245, -1.5883701264458034, -1.54605854990439]
[10.0, 10.0, 0.0, 0.0]:[-1.4794326329585377, -1.387371844965645, -1.402437813975534, -1.379071595262584, -1.592865010814089, -1.4971582140466486, -1.3741011268457373]
[10.0, 9.5, 0.0, 0.0]:[-1.4079796683851304, -1.332672141600849, -1.354080043517783, -1.3494644856256413, -1.3435475585911947, -1.3391238992311858, -1.302031621102259]
[11.0, 9.0, 0.0, 0.0]:[-1.2679948887393522, -1.321703940533304, -1.2552737372226028, -1.2459568524661315, -1.2720473015832736, -1.291031736684506, -1.258604355264597]
[10.0, 8.5, 0.0, 0.0]:[-1.4408884448438277, -1.4302231788635256, -1.50998782619279, -1.4285953101923234, -1.5001597290460493, -1.453792076798345, -1.4343999672497088]
[9.5, 8.5, 0.0, 0.0]:[-1.4843454320685132, -1.4329418796417501, -1.4439201631156475, -1.4194681978621047, -1.4819394907887702, -1.455145581241041, -1.4427509855759082]
[7.0, 9.5, 0.0, 0.0]:[-1.537725384022043, -1.4969625978922227, -1.5883910741390075, -1.5408737389779381, -1.6184018530115334, -1.4774567607084705, -1.543195130540159]
[6.5, 10.0, 0.0, 0.0]:[-1.6890652630422887, -1.5837671588581257, -1.6848798855521454, -1.5689241940970104, -1.6446691662853965, -1.7049201730120105, -1.7143487240905668]
[11.0, 10.5, 0.0, 0.0]:[-1.3607434118943362, -1.4935274511284446, -1.3884229146401126, -1.4181064866144024, -1.5329844168970046, -1.4537715211507591, -1.3560390005280927]
[11.5, 10.0, 0.0, 0.0]:[-1.1350729620782245, -1.2935294157406831, -1.2878285932124638, -1.1560377213598514, -1.2730404671334643, -1.1761711214898354, -1.1721127482639488]
[12.0, 9.0, 0.0, 0.0]:[-1.298391512930924, -1.2272420843804257, -1.2403280468729023, -1.192152553740387, -1.1694055289262906, -1.1713327770048207, -1.2230817541480064]
[13.0, 8.5, 0.0, 0.0]:[-1.2069952458216888, -1.2183681161472348, -1.2550982122870038, -1.1845999772944689, -1.2523066592193306, -1.1850816353375149, -1.2620665536125728]
[13.5, 8.5, 0.0, 0.0]:[-1.2111683778464797, -1.1741948604583738, -1.2141316439623275, -1.2015555905087596, -1.180349624640358, -1.186924976194669, -1.237991734102208]
[14.0, 8.5, 0.0, 0.0]:[-1.104086440583012, -1.0519308584084741, -1.1438137518395508, -1.0646564491093158, -1.2036144624475498, -1.0788637225443893, -1.1601686357857672]
[13.5, 9.0, 0.0, 0.0]:[-1.058522033691406, -1.1018234743031554, -1.194885202346224, -0.9723049423686972, -1.0679778875881065, -1.034390361922671, -1.1160492734541747]
[13.5, 9.5, 0.0, 0.0]:[-1.245903155857206, -1.1909740789738543, -1.2294527578611314, -1.1887545695588795, -1.1746700258782223, -1.1743990380017193, -1.1956372555975627]
[13.5, 10.0, 0.0, 0.0]:[-1.131874475637467, -1.2243954322209714, -1.2662654089788994, -1.1652907699884034, -1.1678632708784433, -1.1110027962952451, -1.262485309413588]
[13.5, 10.5, 0.0, 0.0]:[-1.299508008734898, -1.331619969082305, -1.3300197946214016, -1.3014856140175364, -1.2974009155867314, -1.2921706486831077, -1.3653836597076459]
[13.5, 11.5, 0.0, 0.0]:[-1.5604944707769834, -1.4877380619562963, -1.5780526312645966, -1.4690367109697973, -1.4963091093546095, -1.5126268120091488, -1.5441467516692864]
[14.0, 11.5, 0.0, 0.0]:[-1.519691908665708, -1.4917108066237743, -1.4616285530351671, -1.537679096747179, -1.5028167428048755, -1.4612591732824574, -1.4692867673659147]
[14.5, 11.5, 0.0, 0.0]:[-1.49678265511573, -1.5041369185343925, -1.456809724072739, -1.4571767927114707, -1.429677115170637, -1.4781276299641921, -1.5050182166525647]
[14.5, 11.5, 0.0, 1.0]:[-1.080131617518663, -0.8992187500000002, -1.2538282365129705, -0.8870291290233288, -0.5447241694426681, -0.8714401875940068, -0.9288389914152422]
[15.0, 11.5, 0.0, 1.0]:[-0.6732546265237034, -0.890999321203243, -0.8616549340578188, -0.7149568238123168, -0.40749760595663354, -0.6797026276620273, -0.8791663863973469]
[15.5, 11.5, 0.0, 1.0]:[-0.7254185290937301, -0.985157657552727, -0.6919078367652483, -0.9467565363807426, -0.7863427898455357, -0.7834998633325194, -0.5811532821453425]
[15.5, 11.0, 0.0, 1.0]:[-0.40874972641468044, -0.6684124152840285, -0.6426554813269247, -0.658034556731825, -0.7070318326911939, -0.31038742065429686, -0.6273215954682472]
[15.5, 9.5, 0.0, 0.0]:[-1.0529833920117615, -1.0572751798837543, -1.0503731990280978, -1.0554408464994616, -1.0640901715253277, -1.1158441212502899, -1.0658790318400753]
[15.5, 9.0, 0.0, 0.0]:[-0.9788383825227355, -0.9749778834185161, -1.0170661353846244, -1.0575275439152605, -0.9891385023034825, -0.9875920053063654, -0.9273781821109885]
[14.5, 8.5, 0.0, 0.0]:[-1.0508242815732955, -0.9893407505005597, -0.981808525923509, -1.082437348186744, -1.06432838216424, -1.0075042141601442, -1.008638614058043]
[1.5, 9.5, 0.0, 0.0]:[-1.8217476618809831, -1.758564825799788, -1.8177725292941913, -1.7580843596158988, -1.8194943832194195, -1.791337232672515, -1.72992232950052]
[11.5, 10.5, 0.0, 0.0]:[-1.2992247598645577, -1.2760963726583134, -1.3059051095829353, -1.2909035031009717, -1.4613471231565338, -1.4002971991805078, -1.5190010245069252]
[12.0, 11.0, 0.0, 0.0]:[-0.7807460777628941, -1.4991518896412122, -1.4270346073311955, -1.490458023156811, -1.582039250275971, -1.435259114387231, -1.4791196487315776]
[14.0, 11.5, 0.0, 1.0]:[-0.6340946589520173, -0.6516287908282721, -0.6154313537067424, -0.6672440493756735, -0.6616301074580406, -0.6379333513527576, -0.6352120220661164]
[13.5, 11.5, 0.0, 1.0]:[-0.29287109375, -0.3317001342773438, -0.7092216787606502, -0.6083836150983644, -0.3375110983848572, -0.3232421875, -0.7337642994833953]
[13.0, 11.0, 0.0, 1.0]:[-0.23468399047851565, -0.6867053784916707, -0.23417968750000004, -0.20703125000000003, -0.39897862040695886, -0.2239715576171875, -0.9644051430287686]
[13.0, 10.5, 0.0, 1.0]:[-0.1375, -0.1501953125, -0.7362348516610133, -0.5586364763527577, -0.180859375, -0.08750000000000001, -0.11250000000000002]
[13.0, 10.0, 0.0, 1.0]:[-0.470691646281972, -0.125, -0.3696532726287842, -0.19765625000000003, -0.125, -0.125, -0.16875]
[13.5, 9.5, 0.0, 1.0]:[-0.24531250000000002, -0.37675781249999996, -0.37205810546875007, -0.36619321703910834, -0.22421875000000002, -0.21054687500000002, -0.37463073730468754]
[14.0, 9.0, 0.0, 1.0]:[-0.2921875, -0.6402214676335006, -0.2078125, -0.2587890625, -0.19609375, -0.5255451386794447, -0.6410700559616089]
[14.5, 9.0, 0.0, 1.0]:[-0.4149978876113892, -0.322308349609375, -0.31405029296875, -0.4555041790008545, -0.27514495849609377, -0.5204534530639648, -0.630209376952837]
[14.5, 11.0, 0.0, 0.0]:[-1.3365816579952954, -1.2945252603972626, -1.3032085002696423, -1.2486804682626178, -1.2764939732212521, -1.3729280395514691, -1.267942499842867]
[13.0, 10.5, 0.0, 0.0]:[-1.317150448098095, -1.3192359514404077, -0.7314585053881417, -1.358552474925872, -1.4350078480162136, -1.3698834138315141, -1.3634722344895829]
[12.5, 10.0, 0.0, 0.0]:[-1.2230170279290906, -1.1855375852512502, -1.325224650034765, -1.1979212443544298, -1.195730593864491, -1.2511918885632851, -1.2659009938865498]
[12.5, 9.5, 0.0, 0.0]:[-1.131878818018646, -1.1678608177473069, -1.1541013532544135, -1.1284793046017731, -1.0982628255898628, -1.1152014720623278, -1.1152364060584414]
[13.0, 9.0, 0.0, 1.0]:[-0.5023168206214905, -0.5654648195000817, -0.19592872709035875, -0.23125, -0.175, -0.175, -0.2]
[13.5, 9.0, 0.0, 1.0]:[-0.1875, -0.5294090114533901, -0.43212890625000006, -0.2193359375, -0.5933224827051163, -0.21406250000000004, -0.5470703125]
[14.0, 8.5, 0.0, 1.0]:[-0.6327348709106445, -0.358203125, -0.5735620260238647, -0.4070564270019531, -0.38251647949218753, -0.3548960792559683, -0.343359375]
[14.5, 8.5, 0.0, 1.0]:[-0.34461669921875, -0.4764846801757812, -0.34648437499999996, -0.711097426866661, -0.393206787109375, -0.767300495505333, -0.3331787109375]
[16.0, 10.0, 0.0, 0.0]:[-1.0982704578317708, -1.118306975595841, -1.0101346576353776, -1.1833291369984158, -0.9820077806643867, -0.9539373013441661, -0.9624802153334344]
[11.5, 11.5, 0.0, 1.0]:[-0.4665083892006509, -0.3415275011705944, -0.30171378403902055, -0.3185470581054688, -0.6224953168881256, -0.3175184780973396, -0.44858821135612664]
[11.0, 11.5, 0.0, 1.0]:[-0.4886770528363716, -0.8767180015333854, -1.110428451582381, -1.0330527319474636, -0.6616748805667282, -0.19447141475975516, -0.3992143719901179]
[10.5, 11.5, 0.0, 1.0]:[-0.6665399317629637, -0.125, -0.125, -0.7399904848665617, -0.567496306004594, -0.8661194799198637, -0.8384871585847652]
[11.0, 11.0, 0.0, 0.0]:[-1.5451409200255202, -1.614717107934815, -1.5192281587789134, -1.5315241564400308, -1.5133075431775351, -1.5578862782195289, -1.4769077414914227]
[8.5, 8.5, 0.0, 0.0]:[-1.4854280158167286, -1.4768569946289065, -1.4430016067977953, -1.5029904668542484, -1.4965297590539643, -1.4683516288665384, -1.4485091034381186]
[6.0, 9.5, 0.0, 0.0]:[-1.5543951811833656, -1.5430633636515925, -1.520622962152671, -1.6549800827653272, -1.4930662899962066, -1.5162176658644309, -1.507769565287517]
[1.5, 10.0, 0.0, 0.0]:[-1.8479570892859574, -1.9160128702300125, -1.8388733988929142, -1.7940759511161763, -1.7657528706858905, -1.9243418035136355, -1.8276044896153296]
[0.5, 11.0, 0.0, 0.0]:[-2.2354076405946977, -2.099821772616872, -2.1498757447162684, -2.0423352227580622, -2.031332056654313, -2.233691091315557, -2.19074578342015]
[4.0, 11.5, 0.0, 1.0]:[-0.2937929003805614, 0.0, 0.0, 0.0, -0.05, 0.0, 0.0]
[4.5, 11.0, 0.0, 1.0]:[0.0, 0.0, 0.0, -0.05, 0.0, 0.0, 0.0]
[5.0, 10.5, 0.0, 1.0]:[0.0, 0.0, -0.1, 0.0, 0.0, 0.0, 0.0]
[4.5, 9.0, 0.0, 0.0]:[-1.6072464784841114, -1.5935615950256756, -1.5542242968433624, -1.544092621873698, -1.5973839972734587, -1.5553025980267248, -1.5676864470854555]
[11.5, 11.0, 0.0, 0.0]:[-1.5426653987726877, -1.4909567360270979, -1.4178922798608045, -1.5546790499008694, -1.4148793812560116, -1.4029069072505433, -1.4630166390070665]
[12.0, 10.5, 0.0, 0.0]:[-1.5453511611349775, -1.3447189057081919, -1.505477767721961, -1.3580485412751162, -1.4329193787620524, -1.3578498389074705, -1.351367861484301]
[12.0, 10.0, 0.0, 0.0]:[-1.197355639789298, -1.1749959809339814, -1.1841719926928127, -1.1812304761172374, -1.1999475899337093, -1.1800054508109246, -1.2821309024076601]
[12.5, 11.0, 0.0, 0.0]:[-1.2624458792351385, -1.4201089001619303, -1.3035030689779314, -1.3322701423062586, -1.3449893181194528, -1.3492429617895367, -1.4328187432297714]
[12.5, 10.5, 0.0, 0.0]:[-1.3311279118530472, -1.2806635119602974, -1.3541179415035312, -1.4012991745149486, -1.2688189221590864, -1.3730736057240573, -1.3916295851403682]
[15.5, 8.5, 0.0, 1.0]:[-0.79572182695847, -0.7828654497396201, -0.44943741559982303, -0.4737876892089844, -0.5763682149350643, -0.5284501075744629, -0.7942434956668877]
[16.0, 8.5, 0.0, 1.0]:[-0.6478945281356573, -0.47148437499999996, -0.504903644323349, -0.6351872444152832, -0.4778739929199219, -0.6875199758862436, -0.47500000000000003]
[14.0, 11.0, 0.0, 0.0]:[-1.2867159818256768, -1.335014966313187, -0.7423123272644666, -1.2699904898781842, -1.3172631025806805, -1.2777552583506724, -1.315097192345691]
[13.0, 11.5, 0.0, 1.0]:[-0.3686552047729492, -0.7740988972269686, -0.3377785846590996, -0.8417702766301874, -0.7377571349834298, -0.8433992565318474, -0.8448496362273151]
[8.5, 11.0, 0.0, 0.0]:[-1.7443961342712044, -1.783512946812936, -1.7154624404802257, -1.6993994963626369, -1.7868297106408089, -1.7158665489100082, -1.8422898023103305]
[8.5, 10.5, 0.0, 0.0]:[-1.753727142082652, -1.7852649933115163, -1.8290633589588985, -1.6949311624682708, -1.6287201636709767, -1.6590024778117796, -1.74226349976062]
[8.5, 9.5, 0.0, 0.0]:[-1.3402372802216838, -1.2231426938448182, -1.2413528955397735, -1.2909048674671673, -1.195813601668547, -1.2286064254267917, -1.2431587661529124]
[7.0, 10.5, 0.0, 0.0]:[-1.6346242433254732, -1.618674288158052, -1.5976446675520988, -1.8643729714524686, -1.6208353275217138, -1.6153570377141464, -1.7866484134416885]
[13.0, 10.0, 0.0, 0.0]:[-1.2731676691667213, -1.1787540129770506, -1.1732890411794488, -1.1847557983772412, -1.2143738677137825, -1.1470387740665289, -1.270221654172527]
[13.0, 9.5, 0.0, 0.0]:[-1.124464767296943, -1.0293051299611449, -1.061466111434684, -1.0539457748267909, -1.0676439482006692, -1.0983822372454342, -1.096375338076876]
[13.0, 9.0, 0.0, 0.0]:[-1.0478650789246111, -1.0593415373881099, -1.039041387162887, -1.10503726553452, -1.0937593959743532, -1.0322760374289766, -0.5466559045450936]
[13.0, 11.0, 0.0, 0.0]:[-1.4730017514914642, -1.3731987890304018, -1.312929693700232, -1.4475124184338242, -1.4614048503239014, -1.4025130060254294, -1.4337304370460322]
[12.0, 9.5, 0.0, 0.0]:[-1.204947898139924, -1.1802533185573316, -1.2380248222260721, -1.1787466488140605, -1.1760276903624294, -1.2853599157407634, -1.2355299351457862]
[16.5, 11.5, 0.0, 1.0]:[-1.1534125742239243, -0.8599423639319552, -1.0126167429787756, -1.201195540897915, -0.6683694043217803, -0.8779036009144923, -0.8173945721133824]
[13.0, 9.5, 0.0, 1.0]:[-0.11250000000000002, -0.1625, -0.11250000000000002, -0.37749747447669507, -0.1875, -0.15000000000000002, -0.1]
[15.0, 10.0, 0.0, 0.0]:[-0.6521133962201424, -1.1480768029627186, -1.1393087385579637, -1.0921213726111612, -1.0736862982192446, -1.1193323815823997, -1.0686555697105873]
[16.0, 10.5, 0.0, 1.0]:[-0.3665035265032799, -0.7732175959471402, -0.7186693344932804, -0.4594837326561219, -0.3125, -0.5156227042532918, -0.496826326933774]
[15.5, 10.0, 0.0, 1.0]:[-0.42080087661743165, -0.279345703125, -0.28046875000000004, -0.26992187500000003, -0.6401475874227784, -0.2634535789489746, -0.5274567604064941]
[15.5, 8.5, 0.0, 0.0]:[-0.9701040032785386, -0.9428207159042358, -0.9691713298670948, -1.0447924714535475, -0.9687334819441276, -0.9894640807288737, -1.0174887119792402]
[14.0, 11.0, 0.0, 1.0]:[-0.21502685546875003, -0.8696681271328865, -0.6102274939230483, -0.35856000860261117, -0.49847323994235926, -0.22968750000000002, -0.24368014484643935]
[16.0, 11.0, 0.0, 1.0]:[-0.5074347426048449, -0.4634818427253776, -0.414829034730792, -0.5701982676716854, -0.6944808997407065, -0.6528720308334817, -0.82246426579509]
[11.0, 11.0, 0.0, 1.0]:[-0.1875, -1.025841527246237, -0.07500000000000001, -0.07500000000000001, -0.24038565903902057, -0.11250000000000002, -0.07500000000000001]
[10.5, 10.5, 0.0, 1.0]:[-0.05, -0.05, -0.05, -0.05, -0.05, -0.07500000000000001, -0.05]
[10.0, 10.0, 0.0, 1.0]:[-0.4404174789786339, -0.05, -0.05, -0.05, -0.05, -0.05, 0.0]
[9.5, 10.0, 0.0, 1.0]:[0.0, 0.0, 0.0, 0.0, 0.0, 0.0, -0.1]
[12.5, 9.0, 0.0, 0.0]:[-1.0754617428407074, -1.0136660993099214, -1.1290363637730478, -1.0158644740530591, -1.0534139261553406, -0.5785695868392033, -1.1351939073426356]
[12.5, 11.5, 0.0, 1.0]:[-0.33489990234375, -0.34385479727794177, -0.748959867926762, -0.8931811810180077, -0.198376577347517, -0.6594553245568534, -0.318988037109375]
[12.0, 11.5, 0.0, 1.0]:[-0.30570722408592704, -0.9304090622903427, -0.3548976617181097, -0.7485613241238622, -0.7428297294178742, -0.4232984483242035, -0.7450447633155484]
[10.0, 11.5, 0.0, 1.0]:[-0.7273915229899846, -0.7835717711095802, -0.21782832145690917, -0.6502416034773242, -0.3442938164961468, -0.8447151925791516, -0.07500000000000001]
[11.0, 9.0, 0.0, 1.0]:[-0.2224609375, -0.3931640625, -0.07500000000000001, -0.443359375, -0.05, -0.05, -0.275]
[10.5, 9.0, 0.0, 1.0]:[-0.05, -0.05, 0.0, 0.0, 0.0, 0.0, 0.0]
[10.0, 8.5, 0.0, 1.0]:[-0.5083282470703125, -0.05, -0.1, -0.05, -0.6888735430606175, 0.0, -0.5038803100585938]
[12.0, 10.5, 0.0, 1.0]:[-0.11875000000000002, -0.5670147154263325, -0.6205679120015112, -0.14375, -0.1, -0.1, -0.1]
[11.5, 10.0, 0.0, 1.0]:[-0.26093750000000004, -0.07500000000000001, -0.1, -0.05, -0.08750000000000001, -0.07500000000000001, -0.05]
[11.0, 9.5, 0.0, 1.0]:[-0.05, -0.05, -0.40839843750000004, -0.05, -0.7054189939911936, 0.0, 0.0]
[15.5, 9.0, 0.0, 1.0]:[-0.2744842529296875, -0.5857188753783704, -0.8313780069351197, -0.28046875000000004, -0.355615234375, -0.31181640624999996, -0.346240234375]
[15.5, 9.5, 0.0, 1.0]:[-0.27460937500000004, -0.2726318359375, -0.29453125, -0.33182373046875, -0.28437500000000004, -0.5580615162849426, -0.2759765625]
[12.0, 9.0, 0.0, 1.0]:[-0.49796810150146487, -0.63515625, -0.32980937957763673, -0.7089135723785462, -0.16875, -0.5564751923084259, -0.500201416015625]
[12.5, 9.0, 0.0, 1.0]:[-0.14375000000000002, -0.5259316714425325, -0.07500000000000001, -0.1375, -0.05, -0.07500000000000001, -0.07500000000000001]
[11.0, 8.5, 0.0, 1.0]:[-0.5911359786987306, -0.48911743164062504, -0.6023178100585938, -0.05, -0.3691040039062501, -0.1, -0.29804687500000004]
[14.5, 9.5, 0.0, 1.0]:[-0.171875, -0.2533416748046875, -0.17187500000000003, -0.24599609374999998, -0.274609375, -0.21015625000000002, -0.16250000000000003]
[3.0, 8.5, 0.0, 0.0]:[-1.9206308687968037, -1.673066000770921, -1.706594241406552, -1.7090942457060416, -1.6987895374833104, -1.7880203347629537, -1.6898979297025671]
[12.0, 9.5, 0.0, 1.0]:[-0.1, -0.19375000000000003, -0.39609375, -0.1, -0.5152830850332976, -0.07500000000000001, -0.07500000000000001]
[16.5, 9.5, 0.0, 1.0]:[-0.1, -0.05, -0.13671875, 0.0, 0.0, -0.2703822135925293, -0.1]
[16.5, 9.5, 0.0, 0.0]:[-0.275, -0.2, -0.3555736119844369, -0.30231980950338766, -0.5431239244846024, -0.5451697683637803, -0.25]
[11.5, 11.0, 0.0, 1.0]:[-0.09375, -0.7775749261052073, -0.09375, -0.10625000000000001, -0.1, -0.1, -0.08750000000000001]
[12.0, 10.0, 0.0, 1.0]:[-0.1, -0.1, -0.11250000000000002, -0.11250000000000002, -0.19687500000000002, -0.6480323984758676, -0.6359553562629059]
[14.0, 10.0, 0.0, 1.0]:[-0.5807530058779858, -0.6710046991397421, -0.6665135310317295, -0.24870758056640624, -0.6843361948561424, -0.3412784576416016, -0.42814935669302945]
[14.0, 9.5, 0.0, 1.0]:[-0.5080836224078666, -0.7679513470076342, -0.6152992578395609, -0.209375, -0.40263671874999996, -0.20703125, -0.2]
[15.5, 10.5, 0.0, 1.0]:[-0.2421875, -0.1984375, -0.4626099853951062, -0.21953125, -0.217236328125, -0.5712252282974077, -0.1875]
[3.0, 9.5, 0.0, 1.0]:[-0.3005667495561112, 0.0, -0.05, 0.0, 0.0, 0.0, 0.0]
[13.5, 8.5, 0.0, 1.0]:[-0.5894102096557617, -0.8189958670511039, -1.0029036812799461, -0.39683227539062504, -0.7635242790493066, -0.33984375, -0.7906428129609118]
[13.5, 10.0, 0.0, 1.0]:[-0.15625, -0.39257605299353604, -0.7373171919261594, -0.5803127598017453, -0.15000000000000002, -0.6928201945624272, -0.6790498640655968]
[11.5, 10.5, 0.0, 1.0]:[-0.1, -0.07500000000000001, -0.1328338623046875, -0.11875, -0.1, -0.05, -0.07500000000000001]
[11.0, 10.0, 0.0, 1.0]:[-0.07500000000000001, -0.4745308104902506, -0.5962194571954796, -0.47961425781250006, -0.07500000000000001, -0.05, -0.1]
[12.5, 9.5, 0.0, 1.0]:[-0.11250000000000002, -0.28125, -0.1, -0.36875, -0.1, -0.5685203246772289, -0.11875000000000002]
[13.0, 8.5, 0.0, 1.0]:[-0.11250000000000002, -0.45301208496093753, -0.7475091304256996, -0.15000000000000002, -0.2125, -0.125, -0.6248874664306641]
[13.5, 11.0, 0.0, 1.0]:[-0.7714668101351881, -0.5675175921020582, -0.39450514912605283, -0.45947995568176336, -0.4518308657531851, -0.5803143721938151, -0.27743762731552124]
[2.5, 9.5, 0.0, 1.0]:[-0.3246461620925557, 0.0, 0.0, 0.0, 0.0, 0.0, 0.0]
[15.0, 10.5, 0.0, 1.0]:[-0.5446782319948561, -0.215625, -0.205859375, -0.19296875000000002, -0.21210937500000002, -0.171875, -0.4375069076239015]
[14.5, 10.0, 0.0, 1.0]:[-0.16875, -0.1875, -0.20937500000000003, -0.25019531250000004, -0.24870758056640624, -0.23095092773437503, -0.33213787078857426]
[14.5, 11.0, 0.0, 1.0]:[-0.5568751592678837, -0.26562500000000006, -0.19687500000000002, -0.3076370239257813, -0.47199350421142305, -0.19765625000000003, -0.21601562500000002]
[12.5, 10.5, 0.0, 1.0]:[-0.6376776737729989, -0.05, -0.07500000000000001, -0.1376953125, -0.05, -0.05, -0.08750000000000001]
[6.5, 10.0, 0.0, 1.0]:[-0.05, -0.05, 0.0, 0.0, 0.0, 0.0, 0.0]
[6.0, 9.5, 0.0, 1.0]:[0.0, 0.0, -0.05, 0.0, 0.0, 0.0, 0.0]
[5.5, 9.0, 0.0, 1.0]:[0.0, 0.0, 0.0, -0.17500000000000002, 0.0, 0.0, 0.0]
[5.0, 8.5, 0.0, 1.0]:[0.0, 0.0, 0.0, -0.05, 0.0, 0.0, 0.0]
[5.5, 8.5, 0.0, 1.0]:[0.0, 0.0, 0.0, 0.0, 0.0, 0.0, -0.17500000000000002]
[7.0, 9.5, 0.0, 1.0]:[-0.05, 0.0, 0.0, 0.0, 0.0, 0.0, 0.0]
[7.5, 10.0, 0.0, 1.0]:[-0.05, 0.0, -0.05, 0.0, 0.0, 0.0, 0.0]
[7.0, 10.5, 0.0, 1.0]:[0.0, 0.0, 0.0, 0.0, 0.0, 0.0, -0.07500000000000001]
[6.5, 11.0, 0.0, 1.0]:[0.0, -0.05, -0.05, 0.0, 0.0, 0.0, 0.0]
[6.0, 11.5, 0.0, 1.0]:[-0.05, -0.05, -0.05, 0.0, 0.0, 0.0, 0.0]
[5.5, 11.5, 0.0, 1.0]:[-0.05, 0.0, 0.0, 0.0, 0.0, -0.05, 0.0]
[5.0, 11.5, 0.0, 1.0]:[-0.05, 0.0, 0.0, 0.0, 0.0, 0.0, -0.34623789191246035]
[4.0, 10.0, 0.0, 1.0]:[0.0, -0.05, 0.0, 0.0, 0.0, 0.0, 0.0]
[4.0, 9.5, 0.0, 1.0]:[-0.856494769396228, 0.0, -0.05, 0.0, 0.0, -0.05, 0.0]
[3.5, 10.5, 0.0, 1.0]:[0.0, -0.05, 0.0, 0.0, 0.0, -0.05, 0.0]
[3.5, 11.0, 0.0, 1.0]:[0.0, 0.0, 0.0, 0.0, 0.0, -0.3335235152316385, 0.0]
[3.5, 11.5, 0.0, 1.0]:[-0.42986470588127457, 0.0, 0.0, 0.0, 0.0, 0.0, -0.05]
[14.0, 10.5, 0.0, 1.0]:[-0.22860717773437503, -0.21484375, -0.19921875, -0.7938205053625356, -0.184375, -0.22390831746160983, -0.15585937500000002]
[11.0, 10.5, 0.0, 1.0]:[-0.23184188678860662, -0.11250000000000002, -0.07500000000000001, -0.07500000000000001, -0.05, -0.05, -0.05]
[13.5, 10.5, 0.0, 1.0]:[-0.6328775417483263, -0.205078125, -0.15625, -0.676481338316711, -0.171875, -0.153125, -0.20312500000000003]
[3.0, 11.0, 0.0, 1.0]:[-0.6350350659867194, -0.9505553335174864, 0.0, 0.0, 0.0, -0.40201590365577244, 0.0]
[10.0, 11.0, 0.0, 1.0]:[-0.05, -0.05, 0.0, 0.0, -0.07500000000000001, 0.0, 0.0]
[9.5, 10.5, 0.0, 1.0]:[-0.463501473744509, -0.28593750000000007, 0.0, 0.0, 0.0, -0.19375, 0.0]
[6.5, 9.0, 0.0, 1.0]:[-0.05, -0.05, -0.05, 0.0, 0.0, 0.0, 0.0]
[6.5, 9.5, 0.0, 1.0]:[-0.05, -0.05, 0.0, -0.05, 0.0, 0.0, 0.0]
[7.5, 10.5, 0.0, 1.0]:[0.0, -0.05, -0.32812709808349605, 0.0, 0.0, 0.0, 0.0]
[12.5, 10.0, 0.0, 1.0]:[-0.1, -0.11250000000000002, -0.4022867679595947, -0.125, -0.2556640625, -0.6653580173559954, -0.05]
[12.0, 11.0, 0.0, 1.0]:[-0.2230682373046875, -0.23593750000000002, -0.18515625, -0.22318126484751705, -0.2179901123046875, -0.16015625, -0.4948050488884573]
[9.0, 10.5, 0.0, 1.0]:[-0.05, 0.0, 0.0, 0.0, 0.0, 0.0, 0.0]
[9.0, 10.0, 0.0, 1.0]:[-0.17500000000000002, 0.0, 0.0, 0.0, 0.0, 0.0, 0.0]
[10.5, 8.5, 0.0, 1.0]:[-0.05, -0.487738037109375, -0.05, -0.294921875, -0.05, 0.0, -0.05]
[11.5, 8.5, 0.0, 1.0]:[-0.125, -0.5103515625, -0.6934640407562256, -0.5358708381652832, -0.1, -0.2640625, -0.1]
[12.0, 8.5, 0.0, 1.0]:[-0.18281250000000002, -0.7277024197336345, -0.1, -0.7818829265326199, -0.1, -0.6417796648107469, -0.125]
[9.5, 11.5, 0.0, 1.0]:[-0.05, -0.9631357371631281, -0.7486265274881755, -0.9833311792142859, 0.0, 0.0, 0.0]
[9.0, 11.0, 0.0, 1.0]:[-0.05, 0.0, 0.0, 0.0, 0.0, 0.0, 0.0]
[8.5, 11.5, 0.0, 1.0]:[-0.25493125766515734, -0.05, -0.05, 0.0, 0.0, 0.0, 0.0]
[1.0, 10.0, 0.0, 1.0]:[0.0, 0.0, 0.0, 0.0, -0.05, 0.0, 0.0]
[1.0, 9.5, 0.0, 1.0]:[-0.05, -0.24765625000000002, 0.0, 0.0, 0.0, 0.0, 0.0]
[0.5, 8.5, 0.0, 1.0]:[0.0, 0.0, -0.9497393087949605, -0.05, 0.0, 0.0, 0.0]
[1.0, 8.5, 0.0, 1.0]:[-0.05, -0.05, -0.05, 0.0, 0.0, 0.0, 0.0]
[1.5, 8.5, 0.0, 1.0]:[-0.05, -0.9102442569534192, 0.0, 0.0, 0.0, 0.0, 0.0]
[2.0, 8.5, 0.0, 1.0]:[0.0, 0.0, 0.0, 0.0, 0.0, -0.05, 0.0]
[2.5, 9.0, 0.0, 1.0]:[-0.4984468215878656, 0.0, 0.0, 0.0, 0.0, 0.0, 0.0]
[3.0, 11.5, 0.0, 1.0]:[-0.9613872716187652, -0.07500000000000001, 0.0, 0.0, 0.0, 0.0, -0.35044225738407736]
[12.5, 8.5, 0.0, 1.0]:[-0.11250000000000002, -0.241015625, -0.6454439878463746, 0.0, -0.3653755187988282, -0.2, 0.0]
[11.5, 9.5, 0.0, 1.0]:[-0.40624542236328126, -0.35292816162109375, -0.05, -0.05, -0.05, -0.39472656250000004, -0.05]
[11.5, 9.0, 0.0, 1.0]:[-0.05, -0.05, -0.07500000000000001, -0.1, -0.1787109375, 0.0, 0.0]
[4.0, 10.5, 0.0, 1.0]:[-0.6405024048528086, 0.0, 0.0, 0.0, 0.0, 0.0, 0.0]
[10.5, 9.5, 0.0, 1.0]:[-0.05, -0.296875, -0.05, -0.07500000000000001, -0.42792968750000004, -0.3387041895010043, 0.0]
[9.5, 11.0, 0.0, 1.0]:[-0.6978446417913208, 0.0, -0.4483970030254568, 0.0, 0.0, 0.0, -0.40112041880493055]
[12.5, 11.0, 0.0, 1.0]:[-0.2549858093261719, -0.19699401855468754, -0.125, -0.5404321281277581, -0.1, -0.099609375, -0.11250000000000002]
[10.0, 10.5, 0.0, 1.0]:[-0.05, -0.7497639021443131, 0.0, 0.0, 0.0, 0.0, 0.0]
[7.5, 11.0, 0.0, 1.0]:[0.0, -0.05, 0.0, 0.0, 0.0, 0.0, 0.0]
[7.5, 9.5, 0.0, 1.0]:[-0.05, -0.373114013671875, 0.0, 0.0, 0.0, 0.0, 0.0]
[7.5, 9.0, 0.0, 1.0]:[0.0, 0.0, 0.0, 0.0, 0.0, -0.05, 0.0]
[10.0, 9.5, 0.0, 1.0]:[-0.05, -0.05, -0.3990478515625, -0.4433677673339844, -0.4892893016338348, 0.0, 0.0]
[9.5, 9.5, 0.0, 1.0]:[-0.37734375, -0.7451413011485543, 0.0, 0.0, 0.0, 0.0, 0.0]
[10.0, 9.0, 0.0, 1.0]:[-0.47389526367187496, -0.05, 0.0, 0.0, 0.0, 0.0, 0.0]
[17.0, 10.5, 0.0, 0.0]:[0.0, -0.1, 0.0, 0.0, 0.0, 0.0, 0.0]
[17.0, 11.0, 0.0, 0.0]:[0.0, 0.0, -0.5221759296953677, 0.0, 0.0, 0.0, 0.0]
[10.5, 10.0, 0.0, 1.0]:[-0.05, -0.05, -0.6627609579915047, 0.0, 0.0, 0.0, 0.0]
[3.5, 9.5, 0.0, 1.0]:[0.0, 0.0, 0.0, 0.0, -0.05, 0.0, 0.0]
[8.0, 11.0, 0.0, 1.0]:[0.0, 0.0, 0.0, 0.0, 0.0, 0.0, -0.05]
[8.0, 10.5, 0.0, 1.0]:[-0.05, 0.0, 0.0, 0.0, 0.0, 0.0, 0.0]
[8.0, 10.0, 0.0, 1.0]:[0.0, 0.0, 0.0, -0.05, 0.0, 0.0, 0.0]
[9.0, 9.5, 0.0, 1.0]:[-0.05, 0.0, 0.0, 0.0, 0.0, 0.0, 0.0]
[9.5, 9.0, 0.0, 1.0]:[0.0, 0.0, 0.0, 0.0, -0.05, 0.0, 0.0]
[17.0, 10.0, 0.0, 1.0]:[-0.1, -0.05, -0.11875000000000001, 0.0, 0.0, 0.0, 0.0]
[17.5, 10.0, 0.0, 0.0]:[-0.1, 0.0, 0.0, 0.0, 0.0, 0.0, 0.0]
[18.0, 10.0, 0.0, 0.0]:[-0.1, 0.0, 0.0, 0.0, 0.0, 0.0, 0.0]
[18.5, 10.0, 0.0, 0.0]:[-0.1, 0.0, 0.0, 0.0, 0.0, 0.0, 0.0]
[19.0, 10.0, 0.0, 0.0]:[-0.1, 0.0, 0.0, 0.0, 0.0, 0.0, 0.0]
[19.5, 10.0, 0.0, 0.0]:[-0.1, 0.0, 0.0, 0.0, 0.0, 0.0, 0.0]
[20.0, 10.0, 0.0, 0.0]:[-0.1, 0.0, 0.0, 0.0, 0.0, 0.0, 0.0]
[21.0, 10.5, 0.0, 0.0]:[-0.1, 0.0, 0.0, 0.0, 0.0, 0.0, 0.0]
[21.5, 10.5, 0.0, 0.0]:[-0.1, 0.0, 0.0, 0.0, 0.0, 0.0, 0.0]
[22.0, 11.0, 0.0, 0.0]:[-0.1, 0.0, 0.0, -0.1, 0.0, 0.0, 0.0]
[23.0, 11.5, 0.0, 0.0]:[-0.1, 0.0, 0.0, 0.0, 0.0, 0.0, 0.0]
[23.0, 12.0, 0.0, 0.0]:[-0.1, 0.0, 0.0, 0.0, 0.0, 0.0, 0.0]
[23.0, 12.5, 0.0, 0.0]:[-0.1, 0.0, 0.0, 0.0, 0.0, 0.0, 0.0]
[23.0, 13.0, 0.0, 0.0]:[-0.1, 0.0, 0.0, 0.0, 0.0, 0.0, 0.0]
[23.0, 13.5, 0.0, 0.0]:[-0.1, -0.1, -0.1, 0.0, 0.0, 0.0, 0.0]
[22.5, 13.5, 0.0, 0.0]:[-0.1, -0.1, -0.1, 0.0, 0.0, 0.0, 0.0]
[22.0, 13.5, 0.0, 0.0]:[-0.1, -0.1, 0.0, 0.0, 0.0, 0.0, 0.0]
[21.5, 14.0, 0.0, 0.0]:[-0.1, 0.0, 0.0, 0.0, 0.0, 0.0, 0.0]
[21.0, 15.0, 0.0, 0.0]:[-0.1, 0.0, 0.0, 0.0, 0.0, 0.0, 0.0]
[20.5, 15.5, 0.0, 0.0]:[-0.1, 0.0, 0.0, 0.0, 0.0, 0.0, -0.1]
[20.0, 15.5, 0.0, 0.0]:[-0.1, -0.1, -0.1, -0.1, 0.0, 0.0, 0.0]
[21.0, 15.5, 0.0, 0.0]:[0.0, 0.0, -0.1, 0.0, 0.0, 0.0, 0.0]
[21.0, 16.5, 0.0, 0.0]:[-0.1, 0.0, 0.0, 0.0, 0.0, 0.0, 0.0]
[21.0, 17.0, 0.0, 0.0]:[-0.1, 0.0, 0.0, 0.0, 0.0, 0.0, 0.0]
[21.0, 17.5, 0.0, 0.0]:[0.0, 0.0, 0.0, 0.0, 0.0, 0.0, -0.1]
[20.0, 18.0, 0.0, 0.0]:[0.0, 0.0, 0.0, 0.0, -0.1, 0.0, 0.0]
[19.5, 19.0, 0.0, 0.0]:[0.0, 0.0, 0.0, 0.0, -0.1, 0.0, 0.0]
[19.0, 19.5, 0.0, 0.0]:[-0.1, 0.0, 0.0, 0.0, 0.0, 0.0, 0.0]
[18.5, 19.5, 0.0, 0.0]:[-0.1, 0.0, 0.0, 0.0, 0.0, 0.0, 0.0]
[18.0, 19.5, 0.0, 0.0]:[0.0, 0.0, -0.1, 0.0, 0.0, 0.0, 0.0]
[17.5, 19.5, 0.0, 0.0]:[-0.1, 0.0, 0.0, 0.0, 0.0, 0.0, 0.0]
[17.0, 19.5, 0.0, 0.0]:[-0.1, 0.0, 0.0, 0.0, 0.0, 0.0, 0.0]
[16.5, 19.5, 0.0, 0.0]:[0.0, 0.0, -0.1, 0.0, 0.0, 0.0, 0.0]
[16.0, 19.5, 0.0, 0.0]:[-0.1, 0.0, 0.0, 0.0, 0.0, 0.0, 0.0]
[15.5, 19.5, 0.0, 0.0]:[0.0, 0.0, 0.0, 0.0, -0.1, 0.0, 0.0]
[15.0, 18.5, 0.0, 0.0]:[-0.1, 0.0, 0.0, 0.0, 0.0, 0.0, 0.0]
[14.5, 18.5, 0.0, 0.0]:[-0.1, 0.0, 0.0, 0.0, 0.0, 0.0, 0.0]
[14.0, 18.0, 0.0, 0.0]:[-0.1, 0.0, 0.0, 0.0, 0.0, 0.0, 0.0]
[13.5, 18.0, 0.0, 0.0]:[-0.1, 0.0, 0.0, 0.0, 0.0, 0.0, 0.0]
[13.0, 18.0, 0.0, 0.0]:[-0.1, 0.0, 0.0, 0.0, 0.0, 0.0, 0.0]
[12.0, 18.0, 0.0, 0.0]:[0.0, 0.0, 0.0, 0.0, 0.0, -0.1, 0.0]
[11.5, 18.0, 0.0, 0.0]:[-0.1, 0.0, 0.0, 0.0, 0.0, 0.0, 0.0]
[11.0, 18.5, 0.0, 0.0]:[0.0, -0.1, 0.0, 0.0, 0.0, 0.0, 0.0]
[11.0, 19.0, 0.0, 0.0]:[-0.1, 0.0, 0.0, 0.0, 0.0, 0.0, 0.0]
[11.0, 20.0, 0.0, 0.0]:[0.0, 0.0, 0.0, 0.0, 0.0, 0.0, 0.0]
[11.0, 20.5, 0.0, 0.0]:[0.0, 0.0, 0.0, 0.0, 0.0, 0.0, 0.0]
[7.0, 11.5, 0.0, 1.0]:[-0.05, -0.05, -0.05, -0.05, -0.05, 0.0, 0.0]
[6.5, 11.5, 0.0, 1.0]:[-0.05, 0.0, 0.0, 0.0, 0.0, 0.0, 0.0]
[4.5, 11.5, 0.0, 1.0]:[-0.9951594533079803, 0.0, 0.0, 0.0, 0.0, 0.0, 0.0]
[8.5, 10.5, 0.0, 1.0]:[-0.05, 0.0, 0.0, 0.0, 0.0, 0.0, 0.0]
[8.0, 11.5, 0.0, 1.0]:[-0.05, -0.05, -0.05, 0.0, 0.0, 0.0, 0.0]
[6.5, 10.5, 0.0, 1.0]:[-0.05, 0.0, 0.0, 0.0, 0.0, 0.0, 0.0]
[6.0, 8.5, 0.0, 1.0]:[-0.7298348784446717, 0.0, 0.0, 0.0, 0.0, 0.0, 0.0]
[8.5, 11.0, 0.0, 1.0]:[-0.05, 0.0, 0.0, 0.0, 0.0, 0.0, 0.0]
[9.0, 11.5, 0.0, 1.0]:[-0.8198640335408037, 0.0, 0.0, 0.0, 0.0, 0.0, 0.0]
[5.0, 10.0, 0.0, 1.0]:[-0.05, 0.0, 0.0, 0.0, 0.0, 0.0, 0.0]
[4.5, 10.5, 0.0, 1.0]:[-0.05, 0.0, 0.0, 0.0, 0.0, 0.0, 0.0]
[4.0, 11.0, 0.0, 1.0]:[-1.1149180589797005, 0.0, 0.0, 0.0, 0.0, 0.0, 0.0]
[3.0, 10.0, 0.0, 1.0]:[-0.6392058821307307, 0.0, 0.0, 0.0, 0.0, 0.0, 0.0]
[2.0, 11.0, 0.0, 1.0]:[-0.05, 0.0, 0.0, 0.0, 0.0, 0.0, 0.0]
[1.5, 11.5, 0.0, 1.0]:[-1.0829990180003732, 0.0, 0.0, 0.0, 0.0, 0.0, 0.0]
[2.5, 10.5, 0.0, 1.0]:[-1.1915378906290661, 0.0, 0.0, 0.0, 0.0, 0.0, 0.0]
[1.0, 10.5, 0.0, 1.0]:[-0.05, 0.0, 0.0, 0.0, 0.0, 0.0, 0.0]
[1.0, 11.0, 0.0, 1.0]:[-0.05, 0.0, 0.0, 0.0, 0.0, 0.0, 0.0]
[1.0, 11.5, 0.0, 1.0]:[-1.1369586219431111, 0.0, 0.0, 0.0, 0.0, 0.0, 0.0]
[1.0, 9.0, 0.0, 1.0]:[-0.05, 0.0, 0.0, 0.0, 0.0, 0.0, 0.0]
[10.5, 11.0, 0.0, 1.0]:[-0.05, 0.0, 0.0, 0.0, 0.0, 0.0, 0.0]
[17.0, 11.0, 0.0, 1.0]:[-0.05, 0.0, 0.0, 0.0, 0.0, 0.0, 0.0]
[17.5, 11.0, 0.0, 1.0]:[-0.1, 0.0, 0.0, 0.0, 0.0, 0.0, 0.0]
[18.0, 11.5, 0.0, 0.0]:[-0.1, 0.0, 0.0, 0.0, 0.0, 0.0, 0.0]
[18.5, 11.5, 0.0, 0.0]:[-0.1, 0.0, 0.0, 0.0, 0.0, 0.0, 0.0]
[19.0, 11.5, 0.0, 0.0]:[-0.1, 0.0, 0.0, 0.0, 0.0, 0.0, 0.0]
[19.5, 11.5, 0.0, 0.0]:[-0.1, 0.0, 0.0, 0.0, 0.0, 0.0, 0.0]
[20.0, 11.5, 0.0, 0.0]:[-0.1, 0.0, 0.0, 0.0, 0.0, 0.0, 0.0]
[20.5, 11.5, 0.0, 0.0]:[-0.1, 0.0, 0.0, 0.0, 0.0, 0.0, 0.0]
[21.0, 12.0, 0.0, 0.0]:[-0.1, 0.0, 0.0, 0.0, 0.0, 0.0, 0.0]
[21.5, 12.5, 0.0, 0.0]:[-0.1, 0.0, 0.0, 0.0, 0.0, 0.0, 0.0]
[22.0, 13.0, 0.0, 0.0]:[-0.1, 0.0, 0.0, 0.0, 0.0, 0.0, 0.0]
[22.0, 14.0, 0.0, 0.0]:[-0.1, 0.0, 0.0, 0.0, 0.0, 0.0, 0.0]
[22.0, 15.0, 0.0, 0.0]:[-0.1, 0.0, 0.0, 0.0, 0.0, 0.0, 0.0]
[22.0, 15.5, 0.0, 0.0]:[-0.1, 0.0, 0.0, 0.0, 0.0, 0.0, 0.0]
[22.0, 16.0, 0.0, 0.0]:[-0.1, 0.0, 0.0, 0.0, 0.0, 0.0, 0.0]
[22.0, 16.5, 0.0, 0.0]:[-0.1, 0.0, 0.0, 0.0, 0.0, 0.0, 0.0]
[22.0, 17.0, 0.0, 0.0]:[-0.1, 0.0, 0.0, 0.0, 0.0, 0.0, 0.0]
[22.0, 18.0, 0.0, 0.0]:[0.0, -0.1, 0.0, 0.0, 0.0, 0.0, 0.0]
[22.0, 18.5, 0.0, 0.0]:[-0.1, 0.0, 0.0, 0.0, 0.0, 0.0, 0.0]
[22.0, 19.0, 0.0, 0.0]:[-0.1, 0.0, 0.0, 0.0, 0.0, 0.0, 0.0]
[22.0, 19.5, 0.0, 0.0]:[-0.1, 0.0, 0.0, 0.0, 0.0, 0.0, 0.0]
[22.0, 20.5, 0.0, 0.0]:[-2500.0, 0.0, 0.0, 0.0, 0.0, 0.0, 0.0]
